4.4081564247608185
4.649628698825836
4.599590599536896
4.6062271296978
4.907657504081726
4.43711131811142
4.8947060108184814
4.5263224840164185
4.8818886280059814
4.71691757440567
4.664521813392639
4.729368835687637
4.698911160230637
4.435424208641052
4.621835649013519
4.226648807525635
4.570292234420776
4.735878258943558
4.6118927001953125
4.44774866104126
4.654701501131058
4.492069482803345
4.543091803789139
4.905591607093811
4.8269473016262054
4.602658897638321
4.524903297424316
4.696065187454224
4.392367452383041
4.410845339298248
4.708017110824585
4.749184101819992
4.789406061172485
4.4160424172878265
4.674050509929657
4.712935090065002
4.7028350830078125
4.239222407341003
4.705177992582321
4.622171372175217
4.728894531726837
4.415701329708099
4.45783406496048
4.637539386749268
4.412925094366074
4.307800233364105
4.342252314090729
4.758187532424927
4.809345901012421
4.5167019963264465
4.54890638589859
4.421870559453964
4.405662268400192
4.7492992877960205
4.707222282886505
4.799274653196335
4.755557030439377
4.676128327846527
4.629815220832825
4.457432776689529
4.382269382476807
4.830292612314224
4.242634177207947
4.866271615028381
4.593769311904907
4.446976035833359
4.323413074016571
4.436542987823486
4.581283330917358
4.541766345500946
4.640565663576126
4.261929988861084
4.372608065605164
4.40990537405014
4.322271347045898
4.594486653804779
4.582433104515076
4.760081171989441
4.41192626953125
4.754568934440613
4.808856844902039
4.54755961894989
4.354472756385803
4.908392429351807
4.735283851623535
4.65154692530632
4.61281031370163
4.788162261247635
4.755655825138092
4.7103650867938995
4.327843338251114
4.579299241304398
4.599701464176178
4.747324436903
4.396560490131378
4.964214712381363
4.52467754483223
4.783489406108856
4.384866952896118
4.509087800979614
4.825828820466995
4.894508123397827
4.676524996757507
4.844684302806854
4.40686970949173
4.611844420433044
4.814151972532272
4.817925989627838
4.522450566291809
4.449925273656845
4.661290347576141
4.71583366394043
4.336403906345367
4.310387969017029
4.2697873711586
4.530983120203018
4.4268374145030975
4.513184130191803
4.805149585008621
4.903489649295807
4.61058109998703
4.4446951150894165
4.402782618999481
4.682813733816147
4.389101266860962
4.581241458654404
4.708522707223892
4.762607216835022
4.843646883964539
4.469595551490784
4.296494275331497
4.41897839307785
4.779154062271118
4.3705227971076965
4.805831015110016
4.624020010232925
4.951916188001633
4.474979341030121
4.25810769200325
4.708595424890518
4.52246755361557
4.697485566139221
4.4026970863342285
4.914857000112534
4.608899503946304
4.776577055454254
4.443889260292053
4.4488318264484406
4.870852082967758
4.6942973136901855
4.933562874794006
4.433965086936951
4.706781506538391
4.61161732673645
4.639971554279327
4.228197336196899
4.437170028686523
4.50229287147522
4.6625785529613495
4.502008259296417
4.767565131187439
4.682598263025284
4.813845455646515
4.941282421350479
4.934591352939606
4.420768320560455
4.667057991027832
4.445764422416687
4.468985497951508
4.469032287597656
4.499683976173401
4.690086841583252
4.670065641403198
4.648045301437378
4.634132832288742
4.896053671836853
4.720336496829987
4.655873030424118
4.695347845554352
4.760382920503616
4.574768841266632
4.764041602611542
4.635641872882843
4.701572954654694
4.825677573680878
4.362129122018814
4.669137895107269
4.4472116231918335
4.689399003982544
4.756086468696594
4.498052150011063
4.363951236009598
4.833816587924957
4.46815550327301
4.385820776224136
4.4923414289951324
4.623805284500122
4.764188528060913
4.29394856095314
4.787784814834595
4.8400261998176575
4.394194632768631
4.665263295173645
4.689356982707977
4.59198921918869
4.587593674659729
4.966135919094086
4.3449389934539795
4.758374094963074
4.783333241939545
4.6757349371910095
4.597208201885223
4.582468867301941
4.36624675989151
4.495190680027008
4.605787098407745
4.262359142303467
4.80385810136795
4.518976807594299
4.540245980024338
4.6797095239162445
4.910443276166916
4.464942663908005
4.5485323667526245
4.589867442846298
4.7056373953819275
4.478580802679062
4.319413602352142
4.73053440451622
4.481641501188278
4.632565975189209
4.322824776172638
4.588521122932434
4.397913068532944
4.478347450494766
4.626376628875732
4.551960825920105
4.279831498861313
4.330335408449173
4.614712595939636
4.527847170829773
4.671778380870819
4.500752687454224
4.475995898246765
4.398455172777176
4.39532071352005
4.521993398666382
4.826400279998779
4.724725633859634
4.661852717399597
4.253300428390503
4.678110778331757
4.685251861810684
4.841751605272293
4.606613665819168
4.745166599750519
4.378712177276611
4.70475435256958
4.7172147035598755
4.557091444730759
4.5833820104599
4.8952604830265045
4.2695388197898865
4.336146116256714
4.628496319055557
4.571962654590607
4.383493363857269
4.697798192501068
4.449984282255173
4.666751325130463
4.187607318162918
4.392020404338837
4.898465424776077
4.632672965526581
4.447725564241409
4.5471131801605225
4.5981526374816895
4.561622738838196
4.458039104938507
4.924514889717102
4.721907675266266
4.489089548587799
4.431631565093994
4.439155608415604
4.379079639911652
4.323504716157913
4.297188967466354
4.528417885303497
4.411772787570953
4.399892836809158
4.606999903917313
4.702770709991455
4.9675485491752625
4.776400327682495
4.416592717170715
4.386080652475357
4.497719705104828
4.697830080986023
4.440041780471802
4.7580912709236145
4.79095458984375
4.567520022392273
4.803442507982254
4.584399610757828
4.766125530004501
4.367193430662155
4.3477582931518555
4.484013915061951
4.801458567380905
4.682850390672684
4.752057790756226
4.6236275136470795
4.902007430791855
4.458698928356171
4.257978796958923
4.522516429424286
4.866196513175964
4.587535411119461
4.345271587371826
4.72671240568161
4.641856104135513
4.388997852802277
4.453541189432144
4.934436678886414
4.269088804721832
4.717821031808853
4.920855909585953
4.697011858224869
4.377610385417938
4.728439748287201
4.572782814502716
4.783365428447723
4.60908055305481
4.915790259838104
4.862547218799591
4.706159830093384
4.427967965602875
4.402271509170532
4.528761804103851
4.6472179889678955
4.819792807102203
4.523389637470245
4.511934518814087
4.298774898052216
4.443099796772003
4.744144976139069
4.635736346244812
4.590170085430145
4.8020681738853455
4.919792115688324
4.639924615621567
4.810290038585663
4.6995095908641815
4.6127524971961975
4.484853297472
4.696851670742035
4.351198226213455
4.585811495780945
4.470571577548981
4.748208671808243
4.49992448091507
4.469694346189499
4.457465708255768
4.348250925540924
4.076887369155884
4.4226157665252686
4.39910426735878
4.397286027669907
4.785729646682739
4.645682275295258
4.626222550868988
4.813038408756256
4.750676602125168
4.350234121084213
4.501037746667862
4.691201448440552
4.694679230451584
4.7486889362335205
4.630587846040726
4.4952379167079926
4.786414951086044
4.695630520582199
4.629347622394562
4.463460296392441
4.5216405391693115
4.583159387111664
4.7803181409835815
4.374178647994995
4.306166768074036
4.3993279337883
4.692119508981705
4.5902857184410095
4.725704789161682
4.520993679761887
4.549703299999237
4.607259035110474
4.827133417129517
4.444053918123245
4.31942343711853
4.793218523263931
4.432881474494934
4.4279152154922485
4.804129004478455
4.6733540296554565
4.76435124874115
4.719977378845215
4.392514228820801
4.741083979606628
4.725759029388428
4.665662348270416
4.727756381034851
4.409440457820892
4.4694288074970245
4.520552903413773
4.744770675897598
4.463535696268082
4.584534168243408
4.352595806121826
4.781133532524109
4.775731265544891
4.64853435754776
4.672154188156128
4.346340447664261
4.730458110570908
4.635866582393646
4.61735725402832
4.2982035875320435
4.791635572910309
4.814503490924835
4.312674105167389
4.630146473646164
4.676312953233719
4.776812791824341
4.514970630407333
4.691227376461029
4.550940990447998
4.776567667722702
4.417417347431183
4.547098726034164
4.3544623255729675
4.273576438426971
4.938786178827286
4.81645867228508
4.900104254484177
4.830477237701416
4.8078495264053345
4.206597208976746
4.582061171531677
4.816192090511322
4.585747569799423
4.361903369426727
4.801020920276642
4.803979694843292
4.450463652610779
4.678856730461121
4.447393715381622
4.300427734851837
4.541474282741547
4.302963614463806
4.6329982578754425
4.393913447856903
4.492080211639404
4.490090608596802
4.409872889518738
4.733223915100098
4.802761077880859
4.728329032659531
4.760638177394867
4.621378034353256
4.528215229511261
4.399618208408356
4.901160895824432
4.876955449581146
4.732091128826141
4.339490532875061
4.7480374574661255
4.653150588274002
4.464884996414185
4.335918724536896
4.600758403539658
4.418439120054245
4.737171977758408
4.862600415945053
4.428873658180237
4.560929834842682
4.875467419624329
4.64469775557518
4.699060022830963
4.557817727327347
4.563393294811249
4.553568959236145
4.787343293428421
4.628663659095764
4.684942811727524
4.343858361244202
4.549142569303513
4.2594510316848755
4.798783510923386
4.45654034614563
4.731638133525848
4.394414722919464
4.585413336753845
4.964612424373627
4.476532936096191
4.409953951835632
4.498850852251053
4.785824120044708
4.866001307964325
4.363903850317001
4.88650918006897
4.592464864253998
4.1841840744018555
4.299205988645554
4.240748584270477
4.325881153345108
4.493866711854935
4.624152481555939
4.49125736951828
4.562691897153854
4.800688326358795
4.637058675289154
4.708329886198044
4.5202261209487915
4.515925049781799
4.692281931638718
4.4070543348789215
4.447790086269379
4.512461423873901
4.809927046298981
4.39477801322937
4.852921664714813
4.493653476238251
4.5114511251449585
4.602610170841217
4.756579697132111
4.363886266946793
4.760708808898926
4.586827754974365
4.572695791721344
4.373476803302765
4.840148091316223
4.386004656553268
4.638139307498932
4.436250030994415
4.575450420379639
4.737427979707718
4.6626803278923035
4.344530999660492
4.688912630081177
4.744358956813812
4.430372714996338
4.652165472507477
4.739869087934494
4.5137859880924225
4.5255279541015625
4.6247498691082
4.428134262561798
4.873036444187164
4.488935172557831
4.584906697273254
4.517935067415237
4.6381676197052
4.462461322546005
4.470977038145065
4.361811578273773
4.451768100261688
4.607660621404648
4.602707028388977
4.909936338663101
4.599495083093643
4.656520485877991
4.576911926269531
4.658359587192535
4.794710278511047
4.628909528255463
4.5293693244457245
4.679637998342514
4.523037821054459
4.683136940002441
4.426361322402954
4.793487936258316
4.493697285652161
4.807522296905518
4.325324594974518
4.538201987743378
4.488885998725891
4.701268970966339
4.876560568809509
4.733316004276276
4.540315568447113
4.454822391271591
4.450420439243317
4.729074090719223
4.783225208520889
4.748101830482483
4.629915654659271
4.912292808294296
4.422939121723175
4.5639026165008545
4.762021750211716
4.732811003923416
4.402667284011841
4.498126804828644
4.677082598209381
4.599452614784241
4.328971654176712
4.5525237917900085
4.551336467266083
4.828649163246155
4.565821886062622
4.485801458358765
4.5285385847091675
4.795353412628174
4.86682265996933
4.923562407493591
4.366483092308044
4.559525847434998
4.712392240762711
4.46922242641449
4.365438371896744
4.938554465770721
4.856639504432678
4.692380726337433
4.835115969181061
4.513789415359497
4.51812207698822
4.785667955875397
4.682707637548447
4.759126454591751
4.520357102155685
4.488194435834885
4.46577787399292
4.9044933915138245
4.90174263715744
4.655803442001343
4.41277951002121
4.411344528198242
4.653142988681793
4.756036996841431
4.479950666427612
4.469432830810547
4.544528126716614
4.164892137050629
4.6616031229496
4.514334797859192
4.922604411840439
4.262451380491257
4.326553642749786
4.535990059375763
4.560458064079285
4.295703023672104
4.69064936041832
4.377261996269226
4.317427724599838
4.748454391956329
4.78380873799324
4.720073342323303
4.7295404970645905
4.565807431936264
4.750397354364395
4.506097584962845
4.676593393087387
4.368872493505478
4.4562627375125885
4.697992503643036
4.404069781303406
4.2390695214271545
4.261549860239029
4.6904456615448
4.793303906917572
4.577631801366806
4.600456357002258
4.927435219287872
4.719626307487488
4.546724855899811
4.608958065509796
4.438149183988571
4.383520036935806
4.820099323987961
4.811115562915802
4.564114212989807
4.755321145057678
4.318826496601105
4.594041854143143
4.76620152592659
4.777399450540543
4.61999386548996
4.8691293597221375
4.576568007469177
4.76384773850441
4.55364853143692
4.641005992889404
4.781135618686676
4.42403569817543
4.391265958547592
4.56754133105278
4.7827789187431335
4.602671712636948
4.651614129543304
4.615667313337326
4.652082771062851
4.458415508270264
4.445886313915253
4.500365257263184
4.711582958698273
4.409388601779938
4.726464748382568
4.605739116668701
4.607584774494171
4.46411520242691
4.549850523471832
4.5059934258461
4.415528327226639
4.479699432849884
4.868883937597275
4.81035977602005
4.788685142993927
4.442232847213745
4.6727554500103
4.901160895824432
4.787821024656296
4.799312502145767
4.5814962685108185
4.696700572967529
4.767581224441528
4.740833193063736
4.521039724349976
4.794656485319138
4.573162496089935
4.909832179546356
4.683939963579178
4.424877166748047
4.308702051639557
4.44368302822113
4.380616843700409
4.7197699546813965
4.429061859846115
4.423180520534515
4.385864734649658
4.788139164447784
4.512654691934586
4.443224668502808
4.509616494178772
4.5629748702049255
4.697515070438385
4.776991158723831
4.300035238265991
4.433283805847168
4.492145478725433
4.894748032093048
4.494128972291946
4.5546844601631165
4.426224231719971
4.647932052612305
4.964612424373627
4.61096465587616
4.694180637598038
4.670065641403198
4.686972945928574
4.617479741573334
4.452828466892242
4.368635267019272
4.664120674133301
4.564427435398102
4.643283188343048
4.516108930110931
4.619860947132111
4.38527375459671
4.361627697944641
4.531443119049072
4.283681958913803
4.366196542978287
4.832971692085266
4.384117424488068
4.330876171588898
4.515581429004669
4.543270468711853
4.673470556735992
4.375228136777878
4.672508090734482
4.447798430919647
4.413444995880127
4.362058937549591
4.362991750240326
4.6111756563186646
4.395517706871033
4.267634749412537
4.764655232429504
4.731736779212952
4.835683107376099
4.7444747388362885
4.5702919363975525
4.713388979434967
4.401801228523254
4.269650727510452
4.6050722897052765
4.473294019699097
4.307454973459244
4.415928423404694
4.489340633153915
4.708366692066193
4.703383445739746
4.696716666221619
4.609120786190033
4.765620678663254
4.707837700843811
4.6746668219566345
4.488872438669205
4.602576345205307
4.451991021633148
4.69320684671402
4.8374223709106445
4.188412576913834
4.754514694213867
4.756649434566498
4.801700264215469
4.474717676639557
4.549622088670731
4.21703428030014
4.3712157011032104
4.500325322151184
4.382091909646988
4.4132353365421295
4.5871759951114655
4.231421649456024
4.824490398168564
4.66156542301178
4.731508493423462
4.394189119338989
4.66469407081604
4.1773489117622375
4.500509798526764
4.87772524356842
4.454827904701233
4.5906369388103485
4.540393352508545
4.739134311676025
4.744873344898224
4.767780750989914
4.510688483715057
4.841622710227966
4.756961762905121
4.2074766755104065
4.826838374137878
4.598884582519531
4.652334302663803
4.612190127372742
4.13933590054512
4.623937010765076
4.913171827793121
4.475679844617844
4.0903040766716
4.778864830732346
4.716702401638031
4.602879583835602
4.642498940229416
4.449262917041779
4.478869140148163
4.4336241483688354
4.528111815452576
4.572280943393707
4.806978702545166
4.960196614265442
4.44742351770401
4.1705480217933655
4.554815292358398
4.720089882612228
4.305239170789719
4.749660491943359
4.373237192630768
4.537968784570694
4.24354150891304
4.840904325246811
4.3282924592494965
4.3590861558914185
4.426537603139877
4.7315724194049835
4.850093126296997
4.937808513641357
4.788123071193695
4.8575350642204285
4.345559775829315
4.550983160734177
4.906921684741974
4.744252860546112
4.595272988080978
4.499206244945526
4.948866069316864
4.7306448221206665
4.482595771551132
4.488956928253174
4.366401433944702
4.293650239706039
4.192040264606476
4.797830879688263
4.41158652305603
4.32026743888855
4.589791893959045
4.762962609529495
4.640030413866043
4.45799320936203
4.335344731807709
4.480365067720413
4.90397185087204
4.403396397829056
4.419258534908295
4.959222078323364
4.500690400600433
4.940687716007233
4.809092581272125
4.6066804230213165
4.603826105594635
4.732723534107208
4.741878062486649
4.446539580821991
4.350449442863464
4.278583824634552
4.771832823753357
4.432915151119232
4.261857569217682
4.445183575153351
4.770480692386627
4.426597505807877
4.442349821329117
4.425742328166962
4.937811493873596
4.6005165576934814
4.423783719539642
4.407207369804382
4.744981527328491
4.64912012219429
4.909936338663101
4.391160309314728
4.550148248672485
4.371078461408615
4.752053767442703
4.706966578960419
4.612750262022018
4.863521605730057
4.416869133710861
4.581355601549149
4.549973011016846
4.288527965545654
4.454627633094788
4.448673129081726
4.390075504779816
4.461584389209747
4.521039724349976
4.561790227890015
4.427492320537567
4.673891067504883
4.862080216407776
4.412892609834671
4.663815647363663
4.677515476942062
4.677778482437134
4.780414253473282
4.605981111526489
4.670527875423431
4.475665390491486
4.687937498092651
4.488413333892822
4.29729551076889
4.543104767799377
4.4395604729652405
4.861105382442474
4.556923806667328
4.609780311584473
4.31807354092598
4.439585208892822
4.909842312335968
4.831140339374542
4.504238963127136
4.836599677801132
4.386591613292694
4.4087815284729
4.565024971961975
4.451284557580948
4.497611820697784
4.588080793619156
4.410679191350937
4.621841311454773
4.536427408456802
4.409914016723633
4.665851891040802
4.590917378664017
4.283026456832886
4.441597163677216
4.74371463060379
4.730649888515472
4.489907622337341
4.579534828662872
4.861565083265305
4.214409291744232
4.5266392827034
4.539497047662735
4.762150347232819
4.661164730787277
4.4149670004844666
4.884118288755417
4.50662225484848
4.349961876869202
4.7705696523189545
4.5554108917713165
4.781642258167267
4.181790053844452
4.686914384365082
4.532531350851059
4.449243247509003
4.513548314571381
4.404591470956802
4.66746598482132
4.674230664968491
4.337804615497589
4.415726363658905
4.5760777592659
4.583112597465515
4.444313645362854
4.602746963500977
4.20958086848259
4.545186460018158
4.793531149625778
4.760328233242035
4.553731381893158
4.414682984352112
4.311444908380508
4.577470272779465
4.235657304525375
4.706679731607437
4.753140062093735
4.2886435985565186
4.861062169075012
4.412524104118347
4.858134686946869
4.561411291360855
4.537186026573181
4.44049745798111
4.762210845947266
4.793990105390549
4.320691078901291
4.5596277713775635
4.310357570648193
4.3652138113975525
4.250698387622833
4.444337785243988
4.855181723833084
4.78064551949501
4.387357234954834
4.379871040582657
4.518973529338837
4.548976719379425
4.554418623447418
4.423818290233612
4.761429727077484
4.594008922576904
4.45907860994339
4.397674947977066
4.382513463497162
4.557165205478668
4.777202904224396
4.783489406108856
4.787542521953583
4.330716133117676
4.621836543083191
4.7596850991249084
4.740850925445557
4.615818411111832
4.409146010875702
4.803077280521393
4.772921800613403
4.81546476483345
4.423716515302658
4.610591679811478
4.504867196083069
4.772816002368927
4.554990530014038
4.554299414157867
4.4696904718875885
4.557021856307983
4.6939170360565186
4.324310272932053
4.769790321588516
4.361282587051392
4.385601282119751
4.456203281879425
4.450672268867493
4.604254066944122
4.675958752632141
4.376479685306549
4.539098888635635
4.601830840110779
4.916116297245026
4.903887510299683
4.453141987323761
4.379661679267883
4.579868465662003
4.433268904685974
4.926239848136902
4.69318613409996
4.667342156171799
4.6564072370529175
4.455636739730835
4.712937772274017
4.569585919380188
4.557842016220093
4.628645181655884
4.7589293122291565
4.750934839248657
4.443053752183914
4.272589087486267
4.494740813970566
4.8256514966487885
4.575011283159256
4.746321737766266
4.456637799739838
4.681940972805023
4.520028829574585
4.489436149597168
4.785094857215881
4.36473548412323
4.264564663171768
4.5938801765441895
4.405029267072678
4.573253095149994
4.802290350198746
4.3717411160469055
4.542282819747925
4.5213669538497925
4.74578931927681
4.600961208343506
4.234897345304489
4.143190383911133
4.821903258562088
4.751762300729752
4.693950414657593
4.4807299971580505
4.641691148281097
4.576578736305237
4.644180536270142
4.820018708705902
4.420517534017563
4.6998536586761475
4.431872069835663
4.8046427965164185
4.503213614225388
4.596281945705414
4.418865442276001
4.546221494674683
4.8130980134010315
4.714121371507645
4.834335297346115
4.862566292285919
4.720360040664673
4.440755844116211
4.548636972904205
4.765847772359848
4.923509508371353
4.572005569934845
4.346029758453369
4.727319180965424
4.445407688617706
4.732947945594788
4.58230197429657
4.64154988527298
4.648195207118988
4.58356648683548
4.759945869445801
4.726754128932953
4.56899955868721
4.766679406166077
4.41918358206749
4.7460439801216125
4.613584876060486
4.648027122020721
4.709520637989044
4.614456593990326
4.545764625072479
4.972442090511322
4.3530139327049255
4.794421195983887
4.818085730075836
4.930329620838165
4.191737920045853
4.746153354644775
4.315066635608673
4.559077471494675
4.387315660715103
4.7669318318367
4.6552541851997375
4.314521551132202
4.363148808479309
4.323757141828537
4.702177494764328
4.841798394918442
4.219357222318649
4.315851628780365
4.740006923675537
4.802828729152679
4.643000364303589
4.686553180217743
4.360959529876709
4.272750616073608
4.595097750425339
4.4649046659469604
4.231257140636444
4.840047657489777
4.609732031822205
4.496140480041504
4.731557667255402
4.588808119297028
4.408980011940002
4.469745755195618
4.414447247982025
4.769877791404724
4.461043030023575
4.778841733932495
4.740699231624603
4.791505932807922
4.613493084907532
4.589481800794601
4.471606016159058
4.676024913787842
4.529894292354584
4.7030505537986755
4.390862584114075
4.339311569929123
4.64680477976799
4.6731917560100555
4.7542403638362885
4.563268274068832
4.398782551288605
4.289979934692383
4.48221281170845
4.910443276166916
4.8062121868133545
4.712633788585663
4.493140876293182
4.744401425123215
4.786136895418167
4.378651976585388
4.403162002563477
4.292186349630356
4.313393235206604
4.807684421539307
4.4595736265182495
4.428284913301468
4.579986035823822
4.249269366264343
4.859680533409119
4.791349768638611
4.55977588891983
4.5120567083358765
4.697013348340988
4.3310704827308655
4.620723724365234
4.613277018070221
4.580464214086533
4.5640987157821655
4.614823162555695
4.588699042797089
4.770305305719376
4.375980496406555
4.693237543106079
4.877073764801025
4.357201159000397
4.7232456505298615
4.713388979434967
4.8037706315517426
4.297350645065308
4.78472113609314
4.790825843811035
4.680708348751068
4.353920519351959
4.483286887407303
4.361506104469299
4.535682797431946
4.705471098423004
4.595820903778076
4.819620847702026
4.502668082714081
4.381940513849258
4.5205554366111755
4.371433258056641
4.791950285434723
4.756217449903488
4.49692890048027
4.609694480895996
4.334821105003357
4.658258557319641
4.516810923814774
4.381223171949387
4.364115446805954
4.6880850195884705
4.815771132707596
4.660216271877289
4.676309525966644
4.422252327203751
4.504902958869934
4.6305859088897705
4.5611874759197235
4.794771373271942
4.480224549770355
4.786849766969681
4.683977961540222
4.52658623456955
4.483381360769272
4.400551915168762
4.838621020317078
4.6548992395401
4.537257701158524
4.767237156629562
4.5984746515750885
4.7401440143585205
4.743430912494659
4.742114543914795
4.427943229675293
4.330583214759827
4.237610995769501
4.414543956518173
4.487385153770447
4.551239311695099
4.581214785575867
4.65240553021431
4.6445828676223755
4.6533311903476715
4.622916281223297
4.443312287330627
4.731100797653198
4.732910394668579
4.406246840953827
4.2843978106975555
4.390031397342682
4.37356635928154
4.611685872077942
4.640102535486221
4.481923580169678
4.344234466552734
4.541651159524918
4.721774458885193
4.6874988079071045
4.653593748807907
4.421781897544861
4.468537867069244
4.776611775159836
4.732229709625244
4.784748405218124
4.728174656629562
4.817094206809998
4.688614755868912
4.537362158298492
4.660252928733826
4.63962659239769
4.581617116928101
4.101057052612305
4.663555324077606
4.695703685283661
4.839482009410858
4.665418118238449
4.804420620203018
4.64715763926506
4.699035137891769
4.2224955558776855
4.741847217082977
4.311674535274506
4.489106982946396
4.45283517241478
4.879513084888458
4.68887135386467
4.526782929897308
4.765862077474594
4.580383896827698
4.861562550067902
4.625752419233322
4.82675701379776
4.444393217563629
4.393683820962906
4.6481238305568695
4.385718554258347
4.773780256509781
4.4977253675460815
4.663408547639847
4.166762679815292
4.735334813594818
4.820297360420227
4.560485333204269
4.584393203258514
4.419624209403992
4.547859728336334
4.290013760328293
4.793715327978134
4.812972396612167
4.560555666685104
4.832838624715805
4.855503737926483
4.809223711490631
4.696137011051178
4.705916345119476
4.785081446170807
4.7833070158958435
4.622595906257629
4.437021017074585
4.3462856113910675
4.636117517948151
4.442042112350464
4.698033630847931
4.671424925327301
4.553119093179703
4.417383372783661
4.7331467270851135
4.475545734167099
4.471882879734039
4.563135951757431
4.442671239376068
4.579393267631531
4.611304551362991
4.801833629608154
4.469078034162521
4.418637156486511
4.558617174625397
4.534610211849213
4.7826941311359406
4.724966585636139
4.310672730207443
4.444421231746674
4.392074644565582
4.6262529492378235
4.697876423597336
4.669303148984909
4.4665248692035675
4.503901302814484
4.451044797897339
4.631882011890411
4.713502526283264
4.410395920276642
4.226837754249573
4.425291270017624
4.5090872049331665
4.716969579458237
4.3679627776145935
4.640006124973297
4.612898081541061
4.884602725505829
4.40419614315033
4.731178283691406
4.185968488454819
4.488503038883209
4.5535218715667725
4.347314536571503
4.450408220291138
4.594291150569916
4.60170716047287
4.251810908317566
4.256926625967026
4.8125892877578735
4.545922875404358
4.736927300691605
4.74975973367691
4.799963533878326
4.727909564971924
4.629682898521423
4.38177615404129
4.56775575876236
4.735951125621796
4.526753127574921
4.512763321399689
4.344177842140198
4.761677384376526
4.385015368461609
4.422901421785355
4.445781707763672
4.843763113021851
4.367338418960571
4.678916037082672
4.523623883724213
4.756334125995636
4.443311095237732
4.74983274936676
4.484315514564514
4.748919457197189
4.619044363498688
4.700371325016022
4.634203612804413
4.703701734542847
4.746298789978027
4.229028522968292
4.425846189260483
4.360823929309845
4.644095748662949
4.775594770908356
4.6829986572265625
4.449295699596405
4.379874020814896
4.652973413467407
4.577346593141556
4.414990544319153
4.6353209018707275
4.576198756694794
4.470445811748505
4.2249879240989685
4.829168617725372
4.534538388252258
4.717197865247726
4.7977811098098755
4.647524952888489
4.723423421382904
4.693434834480286
4.920422583818436
4.513815939426422
4.639350473880768
4.706921726465225
4.532369673252106
4.356295168399811
4.6255165338516235
4.504966288805008
4.533904045820236
4.460041522979736
4.564337134361267
4.64739516377449
4.8545727133750916
4.753369688987732
4.4026705622673035
4.676756858825684
4.424751549959183
4.874843955039978
4.637678116559982
4.313380718231201
4.152405560016632
4.9594250321388245
4.443238079547882
4.657338708639145
4.602961838245392
4.681739956140518
4.630322456359863
4.282246828079224
4.536355286836624
4.546715319156647
4.578020125627518
4.928472638130188
4.579132497310638
4.712457358837128
4.237300753593445
4.665933698415756
4.528078734874725
4.329451024532318
4.373023509979248
4.585474133491516
4.53626349568367
4.721543490886688
4.4657160341739655
4.936314076185226
4.422214478254318
4.559498131275177
4.4769105315208435
4.595553278923035
4.598004072904587
