3.0854199826717377
3.471909910440445
3.6688310652971268
3.6395110934972763
4.693877100944519
3.3138198405504227
4.556238055229187
3.4501975774765015
4.729574024677277
3.247072547674179
3.828587532043457
3.6336130648851395
3.6944225430488586
3.538174033164978
3.226514607667923
2.8662022203207016
3.4428811073303223
3.9551374316215515
3.8477353751659393
3.500950187444687
3.983711898326874
3.6612562090158463
3.4451553970575333
4.608197808265686
4.618515819311142
3.739018812775612
3.9686068892478943
3.8715383410453796
2.876950055360794
3.0790993198752403
4.1107892990112305
4.156780540943146
3.8009649515151978
3.1395283341407776
4.057101458311081
3.1291593611240387
4.1872067749500275
2.858644872903824
3.7458256632089615
3.052309527993202
4.0388356149196625
3.094208315014839
2.8642218932509422
3.28790046274662
3.1987474858760834
2.643721755594015
2.8242842853069305
3.6070774495601654
4.060191214084625
3.152344226837158
3.755587339401245
3.184466063976288
3.238248825073242
3.4094590693712234
4.123823046684265
4.029834866523743
3.518468290567398
4.145497679710388
3.6919597536325455
3.117920085787773
3.0512969195842743
3.9965426921844482
3.039405718445778
4.3937355279922485
3.5013993084430695
2.902107685804367
3.112090304493904
3.098011240363121
3.2772167026996613
3.180784583091736
3.9400476217269897
2.524109862279147
2.918476313352585
3.4456677734851837
3.008563071489334
3.490736410021782
3.422793745994568
3.481617271900177
3.120359480381012
4.045848995447159
4.349066764116287
3.2954058051109314
3.1586451828479767
4.812785983085632
3.928818255662918
3.826182186603546
3.747156709432602
4.186651110649109
3.7595584988594055
3.5399050265550613
2.85575520247221
3.5000525414943695
3.768032342195511
3.350939452648163
3.0840347707271576
4.814470410346985
3.3946985751390457
4.324310719966888
2.8702523559331894
2.86507710814476
4.33051198720932
4.659742563962936
3.6335228383541107
3.94833505153656
3.010505437850952
4.024323523044586
4.472264647483826
4.26715224981308
3.3172577619552612
3.300175219774246
3.515945225954056
4.005420804023743
3.1350988894701004
2.7151785790920258
3.1644827127456665
3.1134354323148727
3.0130041018128395
3.4874898940324783
3.805946111679077
4.599468410015106
3.89844611287117
2.948682978749275
2.8569206222891808
3.7574654817581177
3.0112189799547195
3.7761202454566956
3.2581928372383118
4.140110164880753
4.443059265613556
3.447921723127365
2.87908174097538
3.3482354879379272
4.33434322476387
3.2565876841545105
4.162551611661911
3.6516983062028885
4.3294453620910645
3.1727322936058044
2.552634156309068
3.6346592009067535
3.669118285179138
3.5202066600322723
3.02475742995739
4.543919116258621
3.642040193080902
3.853994309902191
2.8487198427319527
2.9463164508342743
4.656067192554474
3.7363994866609573
4.789314717054367
3.3013278990983963
4.429539889097214
3.6715084314346313
2.9721640050411224
2.73843877017498
3.214230462908745
3.156411051750183
3.3084923028945923
3.305567651987076
4.351481199264526
3.8115929067134857
4.4162143766880035
4.754185527563095
4.744498133659363
3.0060919001698494
3.934621959924698
3.635934665799141
3.182274103164673
3.321157619357109
3.3642788231372833
4.315720647573471
3.5511740297079086
3.5207387059926987
3.9527681469917297
4.669244587421417
3.7493248283863068
3.6981353908777237
4.345968812704086
4.314312636852264
3.8026833534240723
4.321567714214325
3.70372511446476
4.197874963283539
4.176492840051651
3.143879771232605
4.117591679096222
3.162546157836914
3.797299563884735
3.8527949154376984
3.4428738057613373
2.843587137758732
4.31269645690918
3.112603612244129
3.1293990463018417
3.0412057787179947
3.977931886911392
4.111383557319641
2.844773754477501
4.028064161539078
4.469259083271027
3.2029733061790466
3.453078120946884
4.272729903459549
3.58218714594841
3.4696173667907715
4.865452200174332
2.7390659786760807
3.900856673717499
4.457883834838867
4.08926784992218
3.7783411145210266
3.39613676071167
3.0294759571552277
3.1454527378082275
3.904779851436615
2.9507962614297867
4.3292176723480225
3.1728456914424896
3.6422184854745865
3.878091871738434
4.701976925134659
3.1080250069499016
3.731015771627426
3.60768124461174
2.984294891357422
3.466551825404167
2.9687001556158066
3.477303832769394
3.1277374923229218
4.317819029092789
2.998773381114006
3.3844447135925293
3.0111539363861084
3.740883767604828
3.7368782609701157
3.5735711455345154
2.8186841309070587
3.0947962403297424
3.621639758348465
3.6977554857730865
4.1604432463645935
3.150600790977478
3.3755843341350555
3.1710730493068695
3.7446068227291107
4.152653515338898
4.014561474323273
4.0620894730091095
4.003671258687973
2.698429673910141
3.7764641642570496
3.4005317091941833
3.882727324962616
3.8730381429195404
4.236452579498291
3.2136496901512146
4.269969463348389
3.8091951608657837
3.6399877071380615
3.4458258748054504
3.9118343591690063
2.666206657886505
2.9626043140888214
4.082036018371582
3.4376360476017
3.443726599216461
3.0006735026836395
3.2072076201438904
3.7847790122032166
2.8853552043437958
3.065824657678604
4.4098493456840515
3.5699015855789185
3.198217451572418
3.2502365112304688
3.3602024614810944
3.9593085646629333
3.704959973692894
4.750845432281494
3.5288698226213455
3.3140505105257034
3.0952944234013557
3.078278861939907
3.227429538965225
3.042616993188858
2.7034103125333786
3.0257055908441544
3.5321833193302155
3.342243582010269
3.53089340031147
4.253249317407608
4.738904982805252
3.4961383044719696
3.0127035826444626
2.9452644288539886
3.701937347650528
3.4769096970558167
3.178648129105568
3.856011927127838
3.8984279334545135
3.4129691123962402
4.343982934951782
3.9186203479766846
4.014803618192673
2.7945584431290627
2.731704544275999
2.9610929638147354
3.924093395471573
3.7063412368297577
4.275153279304504
3.7756597995758057
4.590854644775391
3.164302781224251
2.808566391468048
3.255254775285721
4.451637268066406
4.015240371227264
2.5896847248077393
4.1055527329444885
3.724515438079834
3.201921582221985
2.933235913515091
4.46767270565033
2.8412379324436188
4.175497442483902
4.591248333454132
4.185115098953247
2.924409508705139
4.039319008588791
3.606780618429184
4.061172008514404
3.3380401134490967
4.69457283616066
4.196354150772095
3.9147233963012695
2.927977591753006
2.8668053448200226
3.2459552586078644
3.633228689432144
4.575108885765076
3.439028784632683
3.6983539164066315
2.7483293041586876
3.463696911931038
3.5358715057373047
3.822426199913025
3.9659371972084045
3.732794150710106
4.5107100903987885
3.567061126232147
4.172857701778412
4.114736765623093
3.812204897403717
3.138399198651314
3.611171394586563
3.0963417887687683
3.5356485843658447
2.843022868037224
4.114329814910889
3.663823902606964
3.4360723942518234
3.043436110019684
2.9880281537771225
2.5362492678686976
3.363427519798279
2.8173938393592834
2.916962541639805
3.7470705062150955
3.7079326063394547
3.4717468917369843
4.383673071861267
4.073682278394699
2.9117903858423233
3.144528493285179
3.543921858072281
4.115443676710129
3.7879763543605804
3.3249083161354065
3.820105195045471
4.360228031873703
4.025672525167465
4.236408174037933
3.1635741889476776
3.397875875234604
3.6361083388328552
4.152553081512451
3.107924163341522
2.8130363672971725
3.3656157553195953
3.7120722979307175
3.7319467961788177
4.091327488422394
3.420335352420807
3.9195090532302856
3.8157494366168976
3.9152270555496216
3.40093195438385
2.972727343440056
4.342958331108093
2.924616076052189
3.4972380101680756
3.491540402173996
4.12080243229866
3.4609533846378326
3.187658414244652
2.8323667496442795
4.1872164607048035
3.6639736592769623
3.8674041628837585
3.405987173318863
3.021596744656563
3.1799033284187317
3.2781893759965897
4.241359829902649
3.4262678027153015
3.70482474565506
3.0793894827365875
4.216270446777344
3.555591031908989
3.970084488391876
3.8703233003616333
2.8684482723474503
4.1378287971019745
3.7082789838314056
3.524009734392166
2.764633931219578
4.297586977481842
4.171561002731323
2.851271666586399
4.072169661521912
3.644816279411316
3.6308974027633667
3.5527388751506805
4.140857458114624
3.096119835972786
4.404301643371582
2.987484037876129
3.4464792907238007
2.7761953696608543
2.6954489573836327
4.909233748912811
3.788410723209381
4.680185914039612
4.201577305793762
3.6732084304094315
2.5651997420936823
3.826914131641388
4.460574090480804
3.313770890235901
2.894935794174671
4.362973272800446
4.3525078892707825
3.0863185971975327
3.2000505924224854
3.1500765681266785
2.931215986609459
3.4523947536945343
3.0353040620684624
4.504182040691376
2.978222854435444
3.02021823823452
3.0380354076623917
3.0445880442857742
4.264869838953018
4.395064860582352
4.174496233463287
3.781976103782654
3.92194002866745
3.5656996071338654
2.6947317644953728
4.774582386016846
4.547049701213837
4.027819484472275
3.245966359972954
3.596636950969696
4.04466837644577
3.4701772034168243
3.2911504805088043
3.894718587398529
3.316258266568184
3.7701061367988586
4.261851608753204
3.504839465022087
3.363766521215439
4.431970715522766
3.486780598759651
4.127077758312225
3.6090192198753357
3.5084741562604904
4.309112727642059
3.920827805995941
3.73649038374424
4.211113303899765
3.0768415704369545
3.4116193652153015
2.509956620633602
4.461538344621658
3.048788756132126
3.840634375810623
3.026108667254448
3.7685923278331757
4.925094395875931
3.0146577581763268
2.9173563420772552
3.310227617621422
3.674793839454651
4.281562864780426
3.192935660481453
4.455884397029877
3.521086350083351
2.499759206548333
2.576746791601181
2.9715051874518394
2.976807653903961
3.2580935955047607
3.7516239285469055
3.2795851677656174
3.677840456366539
4.585170894861221
3.763395845890045
4.055097699165344
3.3421361446380615
3.4923365712165833
3.749811053276062
3.137562572956085
3.200165182352066
3.0852222070097923
4.5711976289749146
3.0145951732993126
4.532063156366348
2.9562024772167206
2.9616832733154297
3.5346905887126923
3.993060737848282
2.8506000712513924
4.476076662540436
3.400074541568756
3.7591971457004547
3.1184281408786774
4.194145500659943
3.567517399787903
3.7532342970371246
3.2881665229797363
3.8730061054229736
4.0362319350242615
4.007023274898529
3.088143989443779
3.9044755697250366
3.327503949403763
3.2577738910913467
3.5133248567581177
3.621019423007965
3.562900274991989
3.559374362230301
3.8106612861156464
2.9332851245999336
4.54271525144577
3.4479285776615143
4.1674405336380005
3.262179046869278
3.238154873251915
3.2603654265403748
2.941959388554096
3.406483232975006
3.233863264322281
3.3547066152095795
3.4546351432800293
4.485810995101929
3.721707910299301
3.8927671313285828
3.4779630601406097
4.008810818195343
4.15999174118042
3.805776536464691
3.5509980469942093
4.12909135222435
3.1944337487220764
3.6719728261232376
2.8462637215852737
4.159024953842163
3.4526005387306213
3.725050538778305
2.9253699257969856
3.502204045653343
3.0992039293050766
4.18424516916275
4.333839416503906
3.9325201511383057
3.418654426932335
3.4229719638824463
3.2687876373529434
4.286289811134338
3.5337865352630615
4.36763659119606
3.69814395904541
4.489608556032181
3.275422677397728
3.3554722368717194
3.6451808363199234
3.9933040738105774
3.452233374118805
2.845332734286785
3.798905909061432
3.475852832198143
3.088880404829979
3.3995911478996277
3.1017395108938217
4.436846971511841
3.7382417917251587
3.209390491247177
3.358961045742035
3.9249053597450256
4.221633970737457
4.896019399166107
2.4563052598387003
3.4300722181797028
3.5978107899427414
2.9525691643357277
2.995167598128319
4.755537062883377
4.4827330112457275
3.8266678154468536
4.575509130954742
3.5629427433013916
3.451814576983452
4.14520189166069
3.6933426558971405
3.44617560505867
3.3302903920412064
3.92858624458313
2.9231251776218414
4.604167193174362
4.494168758392334
3.647005259990692
3.0176669359207153
3.0299419164657593
3.922691196203232
3.3719492703676224
3.0826839059591293
3.331878185272217
3.074890375137329
2.5969847477972507
3.3399751037359238
3.182563856244087
4.618064314126968
2.8778163343667984
3.1427742540836334
3.5128551721572876
3.5518283396959305
2.889641970396042
3.8422322273254395
3.541426956653595
2.9047363251447678
3.513651043176651
3.5912126302719116
3.258807957172394
3.9238175749778748
3.1775178015232086
4.04130220413208
3.7978874146938324
3.818468004465103
2.970857359468937
3.4694796800613403
3.071778677403927
2.9742711037397385
2.949296645820141
3.00534151494503
4.050007909536362
4.287687242031097
3.9612948894500732
3.6219070851802826
4.725683033466339
3.205140233039856
3.8454604148864746
3.919648230075836
3.331431671977043
3.109516464173794
4.0320053696632385
3.6461231112480164
3.475254401564598
3.5194379091262817
2.884240560233593
3.4757930785417557
4.0828801691532135
3.390565663576126
3.8916531205177307
4.410883784294128
3.6820038408041
4.323191344738007
3.7143024802207947
3.4072085469961166
3.6310824751853943
3.1870563328266144
2.980049103498459
3.3684787154197693
4.4017380475997925
3.283000662922859
3.6481112241744995
3.718181401491165
3.3161666989326477
3.105800747871399
2.778417617082596
3.437431901693344
3.9066292345523834
3.297555148601532
4.244479089975357
3.357634097337723
3.6067885160446167
3.0825378000736237
3.7753987312316895
3.391093760728836
3.0062823742628098
3.4532196074724197
4.489629864692688
4.366980642080307
4.397059828042984
3.2860804349184036
4.207513928413391
4.774582386016846
4.009341299533844
3.9922209084033966
3.1855273991823196
3.6690543591976166
4.13038045167923
3.3925791829824448
3.217923641204834
4.110623002052307
3.2807282358407974
4.415717720985413
3.550342619419098
3.179461508989334
2.978706806898117
2.9663341492414474
3.1251628696918488
3.998277485370636
3.1473296880722046
2.813035547733307
3.1282444298267365
3.4943445026874542
3.0307279154658318
3.0282772332429886
3.3187001943588257
3.432420864701271
3.80715548992157
4.358749091625214
3.05229052901268
2.959030158817768
3.082505092024803
4.809368997812271
3.631170690059662
3.9004187285900116
3.0956776067614555
3.6143921315670013
4.925094395875931
3.524036705493927
3.9605940878391266
3.5511740297079086
3.938847631216049
3.9980241656303406
3.4796156734228134
3.204056993126869
3.7141717970371246
3.6444170773029327
3.72659832239151
3.173317536711693
3.7725800275802612
2.8260041773319244
2.910083420574665
3.710193857550621
2.680605538189411
2.6761720702052116
4.674700200557709
3.161603957414627
2.9835402220487595
3.6163347214460373
3.8884302973747253
4.038059711456299
2.9926826804876328
3.9920833706855774
3.2165685296058655
3.237098380923271
3.132588565349579
3.201534003019333
3.996349722146988
3.1439924240112305
2.8056684136390686
4.282287657260895
3.887794613838196
4.4108691811561584
4.177328944206238
3.517865166068077
4.0950073301792145
3.167070895433426
2.5793777965009212
3.5435257107019424
3.54012168943882
3.0211933329701424
3.5280852019786835
3.101099357008934
3.9230263233184814
3.854425847530365
3.348548710346222
3.8878683745861053
4.237596839666367
4.120191037654877
3.530632331967354
3.212260603904724
3.560025990009308
3.017347939312458
3.474004417657852
4.244362562894821
2.5841586105525494
3.987923264503479
3.4672897309064865
4.314160346984863
3.2404685020446777
3.321322649717331
2.7784647420048714
2.804921679198742
3.2509275525808334
3.0385274440050125
3.186773806810379
3.4901495277881622
2.501381461042911
4.412557780742645
3.8184377551078796
3.3131392300128937
3.0778366327285767
4.006458222866058
2.4089861661195755
3.028360828757286
4.567613899707794
3.2693812251091003
3.4610632807016373
3.934071809053421
3.608998879790306
4.354921877384186
4.089204967021942
3.172815963625908
4.440994560718536
4.520297050476074
2.5528562627732754
4.463090151548386
3.6377552896738052
3.772326409816742
3.6430297791957855
2.5090896291658282
3.521036207675934
4.739095866680145
3.4576544165611267
2.588563859462738
4.37323585152626
4.138572812080383
3.5821471363306046
4.161574095487595
3.0406492948532104
3.2631801813840866
3.13278004527092
3.3260490745306015
3.3116593956947327
3.6642516404390335
4.929904043674469
3.9463379979133606
2.6217085868120193
3.2388029992580414
4.21120211482048
3.5163700580596924
4.006451517343521
3.071617968380451
3.544367104768753
2.979414537549019
4.440078139305115
3.024982661008835
3.0664092302322388
3.593439757823944
3.7840288877487183
4.523908495903015
4.754999577999115
4.621155858039856
4.307406544685364
3.13456729054451
3.2890842854976654
4.494325220584869
3.7515807151794434
3.579804375767708
3.591291904449463
4.80441614985466
3.708057552576065
3.278408870100975
3.4969720989465714
2.6749096252024174
2.705846317112446
2.491775269736536
3.7187882512807846
2.968466877937317
2.9513918608427048
4.140525162220001
4.133881032466888
3.7586748600006104
3.243788480758667
3.086867555975914
3.1131561845541
4.623778462409973
3.072309121489525
3.196849748492241
4.94161382317543
3.1124311313033104
4.8413291573524475
4.544404894113541
3.7863078713417053
3.6304090172052383
4.12174329161644
4.178786873817444
2.991679087281227
3.232009783387184
2.8625383973121643
3.8443949818611145
3.1670475751161575
2.8073226287961006
3.5189369320869446
4.545236527919769
3.1156783178448677
2.728701587766409
3.5364900529384613
4.806676506996155
3.96641343832016
3.2584919035434723
3.3964375406503677
3.9574530720710754
3.68156760931015
4.485810995101929
3.3294491469860077
3.6156700551509857
3.163340538740158
3.9685070514678955
3.9720775187015533
3.368254378437996
4.254676699638367
3.008909523487091
3.266928866505623
3.866420090198517
2.798527404665947
3.1849560141563416
3.0887843668460846
3.4022318571805954
3.371061086654663
3.217923641204834
3.328474685549736
3.5387682914733887
4.001905620098114
4.230752885341644
3.1835003197193146
3.7639184296131134
3.905539810657501
4.122506380081177
4.108734726905823
3.7292195856571198
4.122264385223389
3.2495763897895813
3.5475028306245804
3.0365177243947983
2.8871596232056618
3.1137142702937126
3.536865785717964
4.280438274145126
3.465486839413643
3.390102833509445
2.9510843753814697
3.092186339199543
4.499387145042419
4.581057131290436
3.8879795372486115
4.092930257320404
2.9915735870599747
2.9684970900416374
3.9482708275318146
3.251296877861023
3.4079451858997345
3.7909579277038574
2.8618930280208588
3.6336611211299896
3.628431260585785
3.268597573041916
3.870813250541687
3.9220717549324036
2.866756021976471
3.845885396003723
4.115294516086578
4.067404270172119
3.553275689482689
3.0298008769750595
4.326351881027222
2.9713452979922295
3.410126343369484
3.889649510383606
4.038834273815155
3.9260393381118774
3.3446676284074783
4.295657724142075
3.3190040290355682
3.1041838228702545
3.641010969877243
3.5942866653203964
4.335234761238098
2.649595756083727
3.682679533958435
3.3501198142766953
3.610200434923172
3.3580652624368668
3.2706480473279953
3.7640801072120667
3.6032207310199738
3.2768745720386505
2.6739002391695976
3.7027479708194733
3.671395778656006
3.552134931087494
3.872421383857727
2.8727521002292633
3.255186229944229
4.177123010158539
4.157032072544098
3.6005325615406036
3.1373608857393265
3.488692119717598
3.3758865296840668
3.132515102624893
3.8780656456947327
3.4929925203323364
2.9137711971998215
4.532424807548523
3.42398002743721
4.304086863994598
3.420160710811615
3.4515277296304703
3.0850575119256973
4.167791306972504
3.5284417122602463
2.9161762818694115
3.587287664413452
2.9722021520137787
2.8658302500844
3.1149261444807053
2.962465062737465
4.116307497024536
3.944193720817566
3.651994466781616
3.0610738694667816
3.1026893854141235
3.7956424057483673
3.982456922531128
3.3203504979610443
4.4132000207901
3.7717096507549286
3.276015967130661
3.253709077835083
3.026912808418274
3.3383210748434067
4.5573970675468445
4.324310719966888
4.149515926837921
2.738320641219616
3.5665269941091537
4.008063226938248
3.6629027128219604
3.683409169316292
3.029426336288452
4.516185522079468
4.134155064821243
4.039219170808792
3.1859171390533447
3.582606613636017
2.895137518644333
4.636164605617523
3.509991019964218
3.324168622493744
3.344092518091202
3.10224287211895
4.42446768283844
2.754572629928589
3.5524462908506393
2.989296466112137
2.8673087060451508
2.962908521294594
3.023575581610203
3.538528084754944
3.4647828340530396
2.8860198706388474
3.190706819295883
3.6074145138263702
4.663502424955368
4.836211055517197
3.073038123548031
3.0249520391225815
3.245999813079834
3.152669370174408
4.898060858249664
3.707702159881592
3.8333509862422943
3.459480106830597
3.368019014596939
3.398454785346985
3.675626516342163
3.6408206820487976
3.365742340683937
3.9820268750190735
3.895646333694458
3.2640038430690765
2.9791882634162903
3.069969415664673
3.8910378515720367
3.834225684404373
4.310456216335297
3.563198149204254
3.8584277033805847
3.0724240839481354
3.4172235429286957
3.9042556285858154
2.893066368997097
2.931167110800743
3.615756332874298
2.998206540942192
3.2959281653165817
4.098887741565704
2.823471277952194
3.6093993484973907
3.1916628777980804
4.257947653532028
3.9651013910770416
2.7804545871913433
2.7529840730130672
3.8094931840896606
3.8923518359661102
3.6179891228675842
2.8364218398928642
3.9435309171676636
3.556504547595978
3.683948591351509
3.8534045219421387
3.226427286863327
3.630339354276657
3.197796791791916
3.791315108537674
3.3027492463588715
3.008786179125309
3.543858900666237
3.582041412591934
4.233187139034271
3.447881191968918
4.161586165428162
4.75117564201355
3.6572521179914474
3.760949969291687
3.1039151549339294
3.6688774079084396
4.85247477889061
3.5402846336364746
3.1071671843528748
4.117440581321716
3.5673268884420395
3.927600681781769
4.000882059335709
3.8285453617572784
3.708299994468689
3.6087222397327423
3.8820502161979675
4.052068442106247
3.6662083119153976
4.3434277176856995
3.061191104352474
3.4655434638261795
3.3599738776683807
3.815414011478424
3.789445608854294
4.407801479101181
3.4403494000434875
4.91302415728569
2.9709604382514954
3.467976450920105
3.8866835832595825
4.612391293048859
2.6987192034721375
3.475063592195511
2.8621944785118103
3.786226511001587
3.176860958337784
3.4897785633802414
3.787790834903717
2.95302364975214
3.1625833362340927
2.9475320875644684
4.546525627374649
3.831043392419815
2.789279669523239
3.1582481414079666
3.945522755384445
4.146817177534103
3.702409267425537
4.053500443696976
2.7120399847626686
3.0000562220811844
3.405737429857254
3.155808448791504
2.8918761759996414
4.3783073127269745
3.771304190158844
3.5489417612552643
4.229783713817596
3.8365864753723145
3.1955179572105408
3.8360947370529175
3.5634347796440125
3.867032080888748
3.367786258459091
3.7447509169578552
4.445226192474365
3.851693570613861
3.829456865787506
3.7760791182518005
2.926417961716652
3.8958343863487244
3.702777177095413
3.7625429034233093
2.949797846376896
2.9584111273288727
3.535583019256592
4.091091454029083
3.9796704053878784
3.4481505304574966
3.1962276250123978
2.9611558467149734
3.2619476318359375
4.701976925134659
4.037440121173859
3.916792571544647
3.476189076900482
3.5475991666316986
4.560385495424271
2.9048365354537964
3.198147714138031
3.070135787129402
2.9954927414655685
3.609860837459564
3.1300759315490723
2.9740647599101067
3.0629218742251396
2.824813574552536
4.588661342859268
4.130701273679733
3.0372634902596474
3.93425852060318
3.7415342032909393
3.000928834080696
3.661675304174423
3.4793905168771744
3.566131889820099
3.6792974174022675
4.034145176410675
3.7395887076854706
3.9860042929649353
2.911122366786003
4.123956263065338
4.459265768527985
2.8257498890161514
3.910515308380127
4.0950073301792145
3.531534820795059
2.6890938356518745
3.786829710006714
4.496820569038391
3.8682645559310913
3.1628504395484924
3.0416855588555336
2.995918206870556
3.4736981242895126
3.216101974248886
4.380956590175629
3.7221071124076843
2.9732616245746613
2.945159263908863
3.362237960100174
3.1591475009918213
4.261523485183716
3.9509189128875732
3.114607557654381
3.559558689594269
2.893589064478874
3.8460567593574524
3.518678992986679
3.2855598628520966
2.812231294810772
4.084366112947464
4.558339715003967
4.603860527276993
3.964824825525284
3.004188612103462
3.898758441209793
3.653847426176071
3.7083353102207184
4.353259205818176
3.772908002138138
4.113413691520691
3.8898710906505585
3.2170312106609344
3.4462960809469223
3.036053329706192
3.8933631777763367
3.5234425216913223
3.848300278186798
4.074357450008392
3.7892964482307434
3.3684679865837097
3.9959190785884857
4.119582623243332
3.182365968823433
3.0210787057876587
2.4297546222805977
3.0504994839429855
3.5783788561820984
3.584114760160446
4.000512957572937
3.8903820514678955
3.792622983455658
4.1170549392700195
3.3617767691612244
3.046511486172676
3.3787691593170166
4.569733291864395
3.5693442821502686
2.770711649209261
2.8723368793725967
3.476371616125107
3.74192051589489
3.396439105272293
3.0278682336211205
2.8968391939997673
3.2663165032863617
3.8724353909492493
3.6289773881435394
3.8018199801445007
3.1638387590646744
3.0970128998160362
4.542196691036224
3.8492444157600403
4.2722876369953156
3.853048086166382
4.617746323347092
3.7504151463508606
3.0804019793868065
3.54997955262661
4.3113186955451965
3.556923270225525
2.568441550247371
3.1040720641613007
4.1146120429039
4.310585558414459
3.636614978313446
3.5327084362506866
3.5657423734664917
3.918812870979309
2.6636740937829018
3.8497132062911987
2.6260006800293922
3.214474767446518
3.4980200976133347
4.3545690178871155
3.7184472382068634
3.6009562760591507
4.193023443222046
3.7080585956573486
4.301987886428833
4.066444635391235
4.7687989473342896
3.2991451025009155
2.973555400967598
3.854113072156906
2.804502584040165
4.380735903978348
3.4971676766872406
3.7279997766017914
2.691831737756729
3.884943425655365
4.445328712463379
3.241570219397545
3.5273247957229614
3.3050645887851715
3.476029708981514
2.8708751499652863
4.47276696562767
4.508326947689056
3.5864488780498505
4.421264678239822
4.54763650894165
4.475694000720978
3.2529955357313156
4.154087603092194
4.399629831314087
4.198356866836548
3.35781529545784
3.0910000950098038
2.9215942695736885
3.816138505935669
3.3049361407756805
3.3548207581043243
3.283986523747444
3.319503366947174
3.1137023121118546
3.8067905604839325
3.0746832117438316
2.919483855366707
3.676459416747093
3.1771962344646454
3.0311359465122223
3.0267930775880814
4.124489724636078
3.6161213368177414
3.2889924943447113
3.2263560593128204
3.5963211953639984
4.050924479961395
3.463209941983223
3.084876798093319
3.0834250152111053
3.1119970977306366
3.289800062775612
3.9516979455947876
3.5855400562286377
3.443707823753357
3.3068637549877167
2.9822011291980743
3.6755356937646866
3.513098508119583
2.8982512280344963
2.5347498198971152
3.259015530347824
3.4277895092964172
3.8527244329452515
3.0427690222859383
4.052349627017975
3.18037211894989
4.764284640550613
3.4205693751573563
3.7391167134046555
2.7720219269394875
3.242635205388069
3.7900851666927338
2.856946513056755
3.5578497499227524
3.477497026324272
3.112770952284336
2.828819565474987
2.935193255543709
4.341718256473541
3.3558131754398346
3.728003650903702
3.9043807983398438
4.199686050415039
3.8118430972099304
3.629796728491783
3.3416270464658737
3.7032855302095413
3.6006908118724823
3.364984914660454
2.95672744512558
2.9369832575321198
3.6297324299812317
3.298450857400894
3.01655113697052
3.0855875089764595
4.654942601919174
3.092214949429035
4.047817885875702
3.480684608221054
3.3185237646102905
3.0711955577135086
3.6281034350395203
3.523358106613159
3.410225436091423
3.992067873477936
3.610857054591179
3.5554957389831543
3.9026208221912384
4.142814576625824
2.5943318754434586
3.010227009654045
2.9352926835417747
3.756556808948517
3.984198272228241
3.7015748023986816
3.396216928958893
3.056536614894867
3.598497211933136
3.4711888432502747
2.8713392093777657
3.7066972255706787
3.5751987993717194
3.3172351121902466
2.8243810683488846
4.6501922607421875
3.725946843624115
3.9919255673885345
3.907468467950821
3.496422916650772
3.928346186876297
3.289787918329239
4.743901789188385
3.393549993634224
3.8000211119651794
3.7632636725902557
3.480367138981819
2.799377962946892
3.728102147579193
3.1816266477108
3.1922615319490433
3.298640176653862
3.8025841116905212
4.337656646966934
4.51727420091629
3.5713380575180054
3.2062646001577377
3.6400335282087326
2.9994184523820877
4.637098014354706
3.4593652188777924
3.0966224893927574
2.7450098283588886
4.759531617164612
3.513875901699066
3.6923564970493317
3.388320356607437
3.218829780817032
3.475765436887741
2.805169001221657
3.0833881720900536
3.084595985710621
3.5464711487293243
4.773209393024445
3.796049654483795
4.189491271972656
2.4675327632576227
4.056602865457535
2.8871313855051994
2.9871248453855515
2.7018028870224953
3.7742307782173157
3.770489990711212
4.176554381847382
2.976984828710556
4.664512574672699
3.1445716321468353
3.3755873143672943
3.518344610929489
3.7364284694194794
3.7772542238235474
