4.439052045345306
4.911993443965912
4.529343843460083
4.473865628242493
4.882229566574097
4.384549260139465
4.802449345588684
4.854724407196045
4.9949584901332855
4.618622958660126
4.728134274482727
4.4364191591739655
4.754634201526642
4.633082151412964
4.747040569782257
4.801962226629257
4.662868231534958
4.653298705816269
4.699285328388214
4.791068434715271
4.9672117829322815
4.917196035385132
4.544909596443176
4.954954087734222
4.460792988538742
4.757114052772522
4.983972460031509
4.99107763171196
4.549722224473953
4.873461425304413
4.642248749732971
4.71258282661438
4.840141236782074
4.621891975402832
4.691823124885559
4.57654595375061
4.968496561050415
4.672693908214569
4.447221755981445
4.283196777105331
4.965638220310211
4.714097380638123
4.586969465017319
4.627613425254822
4.469321221113205
4.789435863494873
4.3772609531879425
4.9700625240802765
4.571555703878403
4.5703694224357605
4.487743973731995
4.766210466623306
4.761159718036652
4.3756382167339325
4.908974766731262
4.881924390792847
4.2293572425842285
4.409775882959366
4.715127050876617
4.818789958953857
4.664521217346191
4.640820324420929
4.705560058355331
4.933185279369354
4.663961827754974
4.0594252943992615
4.943270534276962
4.873122870922089
4.388963580131531
4.733256697654724
4.571101069450378
4.570549130439758
4.789957702159882
4.593520611524582
4.7506363689899445
4.639078974723816
4.70601350069046
4.130967557430267
4.588651657104492
4.84976664185524
4.919598251581192
4.8685914278030396
4.963598847389221
4.842444360256195
4.965522587299347
4.421595185995102
4.968496561050415
4.76707398891449
4.450376629829407
4.623671174049377
4.057082235813141
4.891200661659241
4.687231928110123
4.450633525848389
4.81426015496254
4.602474570274353
4.6981315314769745
4.7177983820438385
4.673437178134918
4.906442016363144
4.821217358112335
4.447222352027893
4.429480880498886
4.754559397697449
4.948581159114838
4.888958930969238
4.472963958978653
4.834122210741043
4.755013883113861
4.573197364807129
4.460248649120331
4.40786138176918
4.809659719467163
4.742777794599533
4.152837097644806
4.656359702348709
4.867426753044128
4.854111671447754
4.836137294769287
4.975783973932266
4.619603306055069
4.500904679298401
4.837298095226288
4.505256414413452
4.351146966218948
4.262254387140274
4.673403650522232
4.892290681600571
4.895220100879669
4.504125863313675
4.774380475282669
4.74161684513092
4.816626608371735
4.936252534389496
4.8771364986896515
4.491475373506546
4.682291150093079
4.940487295389175
4.8700447380542755
4.547742158174515
4.6495720744133
4.9579426646232605
4.7629475593566895
4.618367254734039
4.496008604764938
4.621850550174713
4.990638494491577
4.5923686027526855
4.978564977645874
4.556194096803665
4.687231928110123
4.633836448192596
4.910138845443726
4.769056290388107
4.952674210071564
4.6827733516693115
4.581282883882523
4.707836955785751
4.951144754886627
4.844821393489838
4.479542672634125
4.745870679616928
4.304462671279907
4.940167963504791
4.571555703878403
4.973843991756439
4.974325895309448
4.8667266964912415
4.2934350669384
4.501593112945557
4.467908143997192
4.508895128965378
4.659637212753296
4.737261086702347
4.908619523048401
4.879612028598785
4.194665849208832
4.327214807271957
4.857805222272873
4.634626507759094
4.42008912563324
4.873440861701965
4.281293451786041
4.6580517292022705
4.963598847389221
4.982890784740448
4.607681930065155
4.21209529042244
4.6736741065979
4.731202125549316
4.646004140377045
4.365464001893997
4.927967041730881
4.514690190553665
4.954649657011032
4.876561760902405
4.769093990325928
4.660750329494476
4.681453555822372
4.519313275814056
4.949788898229599
4.958858788013458
4.394671320915222
4.965522587299347
4.8982638120651245
4.826814830303192
4.645727872848511
4.915178418159485
4.762655198574066
4.803981781005859
4.4985248148441315
4.170129597187042
4.606294631958008
4.861855208873749
4.99172642827034
4.167909622192383
4.974233508110046
4.591263085603714
4.695049524307251
4.9485355615615845
4.686816930770874
4.040406793355942
4.911660552024841
4.5706212520599365
4.798019975423813
4.872680157423019
4.897706061601639
4.781777262687683
4.6970997750759125
4.53627735376358
4.522434175014496
4.44672554731369
4.74167138338089
4.993651658296585
4.97923880815506
4.256704747676849
4.669458419084549
4.369361996650696
4.572322815656662
4.950953423976898
4.357501566410065
4.993054419755936
4.398738145828247
4.379964172840118
4.8561955988407135
4.842999577522278
4.507880657911301
4.588564187288284
4.761255234479904
4.976746439933777
4.824208468198776
4.833365380764008
4.281410872936249
4.977465867996216
4.298126399517059
4.942261576652527
4.739651083946228
4.894689321517944
4.2514097690582275
4.290921986103058
4.9784088134765625
4.926386177539825
4.602869004011154
4.627891927957535
4.806135296821594
4.039954245090485
4.610138684511185
4.090063720941544
4.851905852556229
4.233258813619614
4.975260496139526
4.9719589948654175
4.869185388088226
4.127165675163269
4.691680371761322
4.593970477581024
4.9924226105213165
4.5849208533763885
4.514345079660416
4.600814580917358
4.538128226995468
4.569641500711441
4.693698287010193
4.382617473602295
4.9517932534217834
4.4269223511219025
4.829578399658203
4.686441570520401
4.740370213985443
4.492966383695602
4.457128942012787
4.6384768187999725
4.627613425254822
4.798019975423813
4.780156463384628
4.88248884677887
4.528922289609909
4.562210291624069
4.498697519302368
4.697646796703339
4.455305188894272
4.815796613693237
4.844356179237366
4.456959068775177
4.996580481529236
4.970666766166687
4.713853746652603
4.640680253505707
4.199380576610565
4.552185237407684
4.750741124153137
4.7822704911231995
4.929281175136566
4.56108957529068
4.972803145647049
4.699760377407074
4.253897964954376
4.27199587225914
4.881924390792847
4.756144732236862
4.331016838550568
4.193388521671295
4.964756071567535
4.895225614309311
4.892554134130478
4.247410595417023
4.010973870754242
4.135097414255142
4.585166573524475
4.815188497304916
4.701327681541443
4.715327620506287
4.679376631975174
4.486587643623352
4.2553070187568665
4.854550212621689
4.233235120773315
4.860270470380783
4.490784406661987
4.559886157512665
4.691823124885559
4.76707398891449
4.594381153583527
4.871987402439117
4.978564977645874
4.9289774894714355
4.635260105133057
4.75959911942482
4.467105865478516
4.680143296718597
4.17813241481781
4.41524863243103
4.957848787307739
4.50095921754837
4.185068905353546
4.594776034355164
4.7609467804431915
4.287404119968414
4.961801469326019
4.462093263864517
4.9672117829322815
4.711819142103195
4.848171174526215
4.60358664393425
4.321296811103821
4.695323407649994
4.964939206838608
4.449886679649353
4.984050691127777
4.426268935203552
4.8421710729599
4.8274484276771545
4.899188429117203
4.592912048101425
4.273781478404999
4.546261429786682
4.719807654619217
4.637523293495178
4.5816561579704285
4.940832555294037
4.982864558696747
4.433576762676239
4.982153475284576
4.587202370166779
4.43807452917099
4.863969683647156
4.79223757982254
4.801742881536484
4.9470072984695435
4.230874627828598
4.660750329494476
4.550590813159943
4.711253643035889
4.4905588030815125
4.926541894674301
4.320306777954102
4.847564101219177
4.432807117700577
4.688504934310913
4.176182597875595
4.63033527135849
4.760999083518982
4.941330701112747
4.879556447267532
4.053054749965668
4.600935876369476
4.840141236782074
4.731258451938629
4.750741124153137
4.897761642932892
4.778904020786285
4.64766263961792
4.991005212068558
4.758596420288086
4.250091910362244
4.499755501747131
4.605241417884827
4.56969678401947
4.745059311389923
4.720468670129776
4.637523293495178
4.956062436103821
4.706231355667114
4.867399483919144
4.9867308139801025
4.9791789054870605
4.280542433261871
4.468626827001572
4.867352694272995
4.917943775653839
4.642021059989929
4.679243564605713
4.458015710115433
4.612432420253754
4.490291774272919
4.834440648555756
4.283753335475922
4.594132304191589
3.9532485604286194
4.44917231798172
4.843805730342865
4.492460489273071
4.7750310599803925
4.8711369931697845
4.895033836364746
4.2588648200035095
4.642299860715866
3.9218181371688843
4.429703950881958
4.982864558696747
4.808289408683777
4.876919537782669
4.9889810383319855
4.7384873032569885
4.945839941501617
4.673529863357544
4.418712556362152
4.2823584377765656
4.663466513156891
4.937632083892822
4.53326478600502
4.82161357998848
4.8134636878967285
4.4454289972782135
4.949365556240082
4.801783859729767
4.462348520755768
4.982813000679016
4.814874529838562
4.127407670021057
4.968294054269791
4.803364276885986
4.77182000875473
4.650613367557526
4.849273264408112
4.669453054666519
4.723212122917175
4.7091662883758545
4.9430906772613525
4.476882517337799
4.518422186374664
4.627764523029327
4.670736491680145
4.68810111284256
4.624354541301727
4.2309629917144775
4.498680531978607
4.60873007774353
4.477827250957489
4.879737943410873
4.566896706819534
4.023279547691345
4.937171190977097
4.6065399050712585
4.897761642932892
4.260085225105286
4.888606071472168
4.617509841918945
4.6561697125434875
4.624519944190979
4.655344486236572
4.604950249195099
4.330498576164246
4.941301792860031
4.294256865978241
4.834337532520294
4.482530951499939
4.625815451145172
4.750664532184601
4.936422258615494
4.677252322435379
4.389094263315201
4.855486303567886
4.3916913866996765
4.499291032552719
4.416749477386475
4.9995046854019165
4.4624412059783936
4.937187880277634
4.844356179237366
4.772174954414368
4.897435903549194
4.698962718248367
4.727163463830948
4.755924940109253
4.746472239494324
4.953926205635071
4.933337569236755
4.96919184923172
4.529052227735519
4.591735154390335
4.649635851383209
4.957464933395386
4.800868630409241
4.549211263656616
4.873451888561249
4.84329953789711
4.996580481529236
4.56380158662796
4.954265654087067
4.7355784475803375
4.790140390396118
4.507656991481781
4.93599146604538
4.959218502044678
4.9280232191085815
4.141974300146103
4.55952376127243
4.720110595226288
4.71143513917923
4.552513211965561
4.65606153011322
4.70579668879509
4.617771953344345
4.989133924245834
4.233209788799286
4.498785734176636
4.917242228984833
4.202747642993927
4.955479204654694
4.351791441440582
4.43677693605423
4.144929498434067
4.500904679298401
4.534013569355011
4.5950281620025635
4.352532923221588
4.571191668510437
4.441250860691071
4.4030144810676575
4.755924940109253
4.596766233444214
4.50657993555069
4.868718087673187
4.876029193401337
4.413690268993378
4.871056079864502
4.496008604764938
4.508708417415619
4.933889806270599
4.882002621889114
4.619839191436768
4.9949584901332855
4.401172399520874
4.959619790315628
4.500345587730408
4.243772625923157
4.569641500711441
4.757114052772522
4.990533143281937
4.940167963504791
4.78271409869194
4.688980281352997
4.298856854438782
4.475158900022507
4.99362587928772
4.761255234479904
4.633263051509857
4.949856102466583
4.76641982793808
4.329981803894043
4.82161357998848
4.234483540058136
4.584331214427948
4.943277835845947
4.2347268760204315
4.973626732826233
4.873440861701965
4.553937911987305
4.396473467350006
4.624721705913544
4.739659428596497
4.869458228349686
4.733339548110962
4.371373653411865
4.662822335958481
4.720957428216934
4.884095340967178
4.987505674362183
4.655261933803558
4.445950984954834
4.695734828710556
4.727457761764526
4.6085622906684875
4.4657182693481445
4.353576153516769
4.571191668510437
4.141256511211395
4.8259541392326355
4.607658237218857
4.56969678401947
4.620974063873291
4.444938600063324
4.303508400917053
4.908661842346191
4.578578770160675
4.703720510005951
4.138273149728775
4.572344124317169
4.673234820365906
4.77272242307663
4.772267043590546
4.4793567061424255
4.80653703212738
4.441371560096741
4.668237864971161
4.632128477096558
4.9513185024261475
4.827824532985687
4.935106933116913
4.256316423416138
4.768163859844208
4.298171401023865
4.927967041730881
4.498472511768341
4.959598630666733
4.4860197603702545
4.779033660888672
4.923278093338013
4.054877012968063
4.71130833029747
4.409431517124176
4.645881950855255
4.871283918619156
4.2457082867622375
4.662822335958481
4.717439413070679
4.3595196306705475
4.822970330715179
4.848605990409851
4.486835449934006
4.740370213985443
4.522588402032852
4.85810786485672
4.678640514612198
4.4916704297065735
4.6671101450920105
4.912924021482468
4.266223460435867
4.239566624164581
4.633082151412964
4.941330701112747
4.673529863357544
4.651714712381363
4.626472592353821
4.827641248703003
4.696425199508667
4.9733766913414
4.806135296821594
4.65203732252121
4.9719589948654175
4.321283549070358
4.093358218669891
4.9751922488212585
4.575178027153015
4.597288966178894
4.506790339946747
4.971642345190048
4.9867308139801025
4.7490763664245605
4.915178418159485
4.681261479854584
4.469866752624512
4.0809789299964905
4.719661176204681
4.8397427797317505
4.990761578083038
4.800886660814285
4.719441831111908
4.7490763664245605
4.988115876913071
4.322970807552338
4.970426112413406
4.76370245218277
4.970334768295288
4.440177828073502
4.694188237190247
4.876919537782669
4.798887073993683
4.598068445920944
4.818480461835861
4.624262750148773
4.882400184869766
4.818338453769684
4.785184264183044
4.623671174049377
4.892586767673492
4.2739927768707275
4.8534974455833435
4.899061769247055
4.471926838159561
4.749299585819244
4.474456161260605
4.503178894519806
4.2968592047691345
4.583033323287964
4.594385772943497
4.520221650600433
4.528922289609909
4.230991452932358
4.9377913773059845
4.808864146471024
4.815539121627808
4.539127051830292
4.251205325126648
4.034633040428162
4.10593569278717
4.338303208351135
4.669721722602844
4.089585542678833
4.344393610954285
4.975528120994568
4.494393020868301
4.937723278999329
4.673758894205093
4.868718087673187
4.272739738225937
4.979971349239349
4.966718107461929
4.936240613460541
4.334219992160797
4.48970228433609
4.3877458572387695
4.783223122358322
4.8282381892204285
4.419477880001068
4.957232475280762
4.692007452249527
4.785184264183044
4.991806745529175
4.59151417016983
4.749446660280228
3.935268074274063
4.526218473911285
4.728526473045349
4.982860088348389
4.971286654472351
4.4005706906318665
4.77653294801712
4.569018483161926
4.898993372917175
4.934315979480743
4.542483687400818
4.9709029495716095
4.663920700550079
4.975157380104065
4.975783973932266
4.85810786485672
4.695323407649994
4.329405128955841
4.707334041595459
4.766250848770142
4.963925927877426
4.6434685587883
4.40707266330719
4.522193968296051
4.470799118280411
4.583942294120789
4.137864410877228
4.972419291734695
4.376015663146973
4.333626329898834
4.7067758440971375
4.957848787307739
4.348298013210297
4.801293760538101
4.431770294904709
4.665328115224838
4.8282381892204285
4.7248658537864685
4.525154232978821
4.676373898983002
4.245712161064148
4.959224611520767
4.8797158896923065
4.577885121107101
4.895033836364746
4.526643455028534
4.727477133274078
4.928914904594421
4.867399483919144
4.502812027931213
4.461719244718552
4.364766925573349
4.276719391345978
4.699285328388214
4.800868630409241
4.537676274776459
4.588349908590317
4.563191831111908
4.430232644081116
4.596207141876221
4.552617222070694
4.618073105812073
4.7282713651657104
4.587534070014954
4.669933021068573
4.472636133432388
4.628039002418518
4.95420977473259
4.908648133277893
4.5951855182647705
4.589152932167053
4.842492043972015
4.236294478178024
4.974196404218674
4.736359268426895
4.864336550235748
4.785289764404297
4.6018145978450775
4.312666207551956
4.59563747048378
4.394002258777618
4.5998600125312805
4.653964638710022
4.801783859729767
4.592752456665039
4.242854565382004
4.335260838270187
4.9232955276966095
4.673758894205093
4.343559145927429
4.87976610660553
4.6671101450920105
4.965476989746094
4.25955206155777
4.431166052818298
4.25691232085228
4.756782948970795
4.781722873449326
4.52935516834259
4.07435342669487
4.498352110385895
4.764171242713928
4.620916098356247
4.279156029224396
4.707127809524536
4.589199721813202
4.676221609115601
4.973880350589752
4.770596623420715
4.701411724090576
4.236947000026703
4.656096398830414
4.660865515470505
4.967160522937775
4.272452294826508
4.780296087265015
4.81384664773941
4.983202517032623
4.816664159297943
4.319993257522583
4.820594787597656
4.681550115346909
4.797712564468384
4.773311913013458
4.630939811468124
4.415963292121887
4.664158523082733
4.393977224826813
4.668677449226379
4.5227015018463135
4.976746439933777
4.798567742109299
4.599350094795227
4.834848940372467
4.649561941623688
4.569590538740158
4.679188132286072
4.4491031765937805
4.262057393789291
4.379777908325195
4.742777794599533
4.154345244169235
4.60358664393425
4.669320583343506
4.659278690814972
4.584924876689911
4.9167779088020325
4.926992952823639
4.630184173583984
4.332497864961624
4.771628379821777
4.9784088134765625
4.286447167396545
4.604551047086716
4.901151806116104
4.519083648920059
4.572344124317169
4.838080257177353
4.367623925209045
4.983202517032623
4.657192677259445
4.833509027957916
4.803981781005859
4.8700447380542755
4.781994968652725
4.15708065032959
4.603334665298462
4.347324371337891
4.349615573883057
4.762580096721649
4.462201297283173
4.545103907585144
4.608077108860016
4.84185054898262
4.836523532867432
4.752356857061386
4.245142340660095
4.358611851930618
4.606216549873352
4.9469950795173645
4.483067095279694
4.299219846725464
4.9848610162734985
4.974196404218674
4.974233508110046
4.582657814025879
4.847121834754944
4.521332532167435
4.673234820365906
4.9889810383319855
4.270501434803009
4.364814460277557
4.8976218700408936
4.698715060949326
4.3382106721401215
4.733102172613144
4.384549260139465
4.071225821971893
4.892586767673492
4.78805273771286
4.956129789352417
4.745904356241226
4.256824851036072
4.932760000228882
4.856902658939362
4.939342141151428
4.375332891941071
4.353770911693573
4.773693233728409
4.257737100124359
4.6727654337883
4.602039158344269
4.897435903549194
4.949348568916321
4.661572873592377
4.7218456864356995
4.5687322318553925
4.304182976484299
4.216722846031189
4.547813236713409
4.966718107461929
4.848024696111679
4.668237864971161
4.683268368244171
4.966544359922409
4.208901822566986
4.5968204736709595
4.683326184749603
4.206977188587189
4.61295410990715
4.248333275318146
4.398738145828247
4.602545946836472
4.2472922801971436
4.602077901363373
4.509422183036804
4.495444446802139
4.478732645511627
4.370474815368652
4.281203746795654
4.795438498258591
4.776668846607208
4.526291936635971
4.550327509641647
4.957519769668579
4.967160522937775
4.358667731285095
4.436766505241394
4.948493540287018
4.982864558696747
4.704606682062149
4.889769554138184
4.713853746652603
4.891662895679474
4.4671449065208435
4.815928786993027
4.068388938903809
4.848402142524719
4.696923047304153
4.966578930616379
4.315419793128967
4.516876041889191
4.5440784096717834
4.646004140377045
4.5191724598407745
4.719441831111908
4.506993591785431
4.5950281620025635
4.666112959384918
4.593253433704376
4.633050113916397
4.998438060283661
4.745249003171921
4.351523816585541
4.818789958953857
4.7247302532196045
4.752640128135681
4.540634453296661
4.6059781312942505
4.749446660280228
4.626656621694565
4.025926291942596
4.6580517292022705
4.504021257162094
4.536179900169373
4.222840666770935
4.738762080669403
4.604798853397369
4.978245496749878
4.700118899345398
4.602869004011154
4.568620920181274
4.507395327091217
4.249899387359619
4.862690418958664
4.499755501747131
4.518957734107971
4.953548908233643
4.786748141050339
4.498497843742371
4.644044935703278
4.21046644449234
4.595233798027039
4.504021257162094
4.533601701259613
4.646866023540497
4.926992952823639
4.596043229103088
4.265895485877991
4.307811409235001
4.917126446962357
4.382583796977997
4.635167717933655
4.695688486099243
4.673403650522232
4.640156775712967
4.970426112413406
4.776681363582611
4.797853231430054
4.377129375934601
4.601474106311798
4.14194643497467
4.298692345619202
4.855486303567886
4.626408815383911
4.458722174167633
4.926541894674301
4.40719798207283
4.531392455101013
4.440660327672958
4.2571112513542175
4.805406332015991
4.837915599346161
4.879612028598785
4.659278690814972
4.537461996078491
4.834082275629044
4.973880350589752
4.785289764404297
4.9469950795173645
4.847564101219177
4.246799796819687
4.887960851192474
4.5958638191223145
4.833603501319885
4.52800989151001
4.6680547297000885
4.544099569320679
4.669721722602844
4.507738947868347
4.8192667961120605
4.169618785381317
4.517479240894318
4.5768803358078
4.275689721107483
4.937187880277634
4.600544273853302
4.872680157423019
4.522123038768768
4.630614817142487
4.478271454572678
4.603913128376007
4.602810889482498
4.88248884677887
4.593716859817505
4.301873445510864
4.562504887580872
4.501510262489319
4.212196320295334
4.7857122123241425
4.570090472698212
4.954265654087067
4.575245529413223
4.525708854198456
4.596043229103088
4.538707435131073
4.676373898983002
4.9995046854019165
4.063065946102142
4.908974766731262
4.33040052652359
4.430232644081116
4.745585918426514
4.599350094795227
4.727457761764526
4.917242228984833
4.432807117700577
4.1756571829319
4.195487797260284
4.570549130439758
4.782867878675461
4.7930556535720825
4.433089345693588
4.0446193516254425
4.384669661521912
4.8534974455833435
4.755750000476837
4.3319326639175415
4.005180895328522
4.552145451307297
4.70601350069046
4.5453080534935
4.665446728467941
4.873440861701965
4.48381245136261
4.982860088348389
4.847121834754944
4.970334768295288
4.363125264644623
4.475293755531311
4.655505120754242
4.466628581285477
4.328442811965942
4.450027048587799
4.989133924245834
4.6528467535972595
4.563694000244141
4.5968204736709595
4.479518532752991
4.615056812763214
4.887960851192474
4.764545559883118
4.308988451957703
4.568955451250076
4.491499662399292
4.659637212753296
4.7501106560230255
4.452504515647888
4.417526721954346
4.411623477935791
4.463414549827576
4.854847192764282
4.569018483161926
4.696516394615173
4.295474588871002
4.466628581285477
4.971286654472351
4.579458832740784
4.479366838932037
4.722094237804413
4.085938632488251
4.500206410884857
4.973626732826233
4.56759050488472
4.279351532459259
3.9984777569770813
4.44189190864563
4.6636442840099335
4.842583537101746
4.751283526420593
4.739713072776794
4.583700001239777
4.389934837818146
4.593253433704376
4.537676274776459
4.6018145978450775
4.8170676827430725
4.588564187288284
4.668677449226379
4.297611117362976
4.538823068141937
4.14700984954834
4.959218502044678
4.780285060405731
4.863969683647156
4.4339945912361145
4.454126060009003
4.7818925976753235
3.992398828268051
4.52461764216423
4.195945560932159
4.929281175136566
4.6210455894470215
4.625815451145172
4.669453054666519
4.126564860343933
4.334714114665985
4.244072437286377
4.563348591327667
4.286793023347855
4.826814830303192
4.80653703212738
4.221368730068207
4.678409248590469
4.355653524398804
4.3407899141311646
4.3897634744644165
4.696516394615173
4.965476989746094
4.855663031339645
4.645881950855255
4.61980015039444
4.27687406539917
4.505981355905533
4.665446728467941
4.4585683941841125
3.955460488796234
4.632146060466766
4.473991394042969
