3.141573891043663
3.66598442196846
3.1044061854481697
3.082582578063011
4.2397913336753845
3.1701944768428802
2.820557616651058
3.350418657064438
4.5784783363342285
2.9302745684981346
3.372168391942978
3.123932294547558
4.67784583568573
3.572249114513397
4.505770802497864
4.404684454202652
2.659392450004816
3.3677836507558823
3.3990056067705154
3.353312909603119
4.758976101875305
3.237970620393753
3.3497436344623566
4.439333081245422
2.59256798774004
2.813181057572365
4.420894831418991
4.074753224849701
2.7900674380362034
3.742993474006653
3.1412044912576675
3.430005833506584
3.2854926586151123
3.6217235773801804
3.0598628893494606
3.181285411119461
3.764185309410095
3.842870593070984
4.229439198970795
2.880094312131405
3.602612242102623
3.152167424559593
2.9290520399808884
2.936134487390518
3.882090002298355
3.0816365405917168
2.8085123747587204
4.742951542139053
3.863621801137924
3.1522880494594574
3.4507059305906296
2.9239457845687866
2.8758007287979126
3.4406273812055588
4.19943630695343
2.9259173572063446
3.2295729219913483
3.3299537003040314
3.7515094876289368
3.8068443536758423
3.495626226067543
4.115817546844482
3.426060974597931
2.811332941055298
3.2350149750709534
3.014276437461376
4.384743422269821
4.3786779046058655
3.278117999434471
3.531252220273018
3.829132467508316
3.1046191975474358
2.79329938814044
2.9826775193214417
2.941836640238762
3.1592418253421783
3.4950223565101624
3.191690891981125
3.1709732860326767
3.6827735602855682
3.436339497566223
3.4615208208560944
3.0695807933807373
4.723299294710159
2.9941193759441376
3.1153960525989532
2.893698550760746
4.101926535367966
4.571918845176697
3.5309360921382904
2.819524072110653
2.8955889493227005
3.429909273982048
2.7046361565589905
3.220628798007965
3.0657103285193443
2.9836077243089676
3.010353296995163
2.847207523882389
3.2190851867198944
3.5836155712604523
4.254986643791199
3.8135769963264465
2.6819929480552673
2.9999610036611557
2.7808879874646664
4.407258778810501
4.390426576137543
3.435593694448471
3.8969504833221436
2.590705920010805
3.7490104138851166
3.139631152153015
2.9809684306383133
3.709535300731659
3.3974479138851166
4.218514263629913
2.935893014073372
3.1387659907341003
2.6183811016380787
3.765706717967987
3.594086617231369
2.9573023319244385
3.846968561410904
3.4115612506866455
3.919570744037628
3.3944572508335114
2.8679652512073517
3.366861790418625
2.867165207862854
3.7066970765590668
3.1781157851219177
3.14275786280632
3.129630833864212
4.191412031650543
3.139805644750595
4.6337080001831055
4.147785156965256
3.151467442512512
3.8080601394176483
3.1930266320705414
3.918284773826599
4.690052717924118
4.600798487663269
4.147623777389526
3.939712941646576
3.164840489625931
3.4103353321552277
3.4080927073955536
3.8281817734241486
3.7757983803749084
2.9955315217375755
4.537342935800552
2.9015152901411057
3.218187391757965
4.1803911328315735
2.852504849433899
2.7404266968369484
3.403083086013794
3.10401514172554
3.46261203289032
3.916132003068924
2.939095050096512
3.152882009744644
3.2745258510112762
3.247627913951874
3.4714092314243317
3.1898996233940125
3.0738044902682304
3.191724419593811
3.3995509147644043
3.735915645956993
3.400031477212906
2.8464729711413383
3.3112676441669464
4.836467802524567
2.9737763479351997
3.2524195313453674
4.364154785871506
4.559663832187653
4.076841175556183
2.6633440516889095
3.0990619212388992
2.837095335125923
3.0903908610343933
2.793753407895565
3.4796569496393204
2.9926959797739983
3.147466331720352
3.385147824883461
3.9390558004379272
3.0641071498394012
2.7895019575953484
3.208732530474663
2.8028315119445324
4.576436430215836
3.483515828847885
3.0240871757268906
2.9751262068748474
4.3612997233867645
3.968670517206192
4.187052547931671
3.9017492532730103
3.1129712238907814
2.8917301446199417
3.745310604572296
4.013050347566605
3.252604603767395
2.5267219869419932
4.222044199705124
4.052271097898483
3.1723807752132416
3.522050827741623
2.857357934117317
3.0964340269565582
3.1804699450731277
3.1555217504501343
3.171059265732765
3.548593372106552
3.254648819565773
3.3501140773296356
3.7069838494062424
3.4524044394493103
4.738620817661285
3.910176455974579
2.7228511311113834
3.1883005797863007
3.0811577662825584
3.487304225564003
3.4682508558034897
3.376144841313362
3.1973381340503693
4.345751255750656
3.2867059111595154
3.0007049441337585
2.963496334850788
3.7076877057552338
3.2247108966112137
3.0786701291799545
3.301107734441757
4.140062779188156
4.209648370742798
3.477136045694351
4.171167612075806
2.505865450948477
3.340800255537033
3.5509780049324036
3.584115654230118
3.048134744167328
4.821021556854248
3.14097136259079
2.524019512347877
3.3190924674272537
2.8193841129541397
2.6582290790975094
3.779151737689972
3.383002206683159
3.8514746725559235
4.254760444164276
2.853948660194874
3.3182691037654877
3.9248788356781006
3.5853108763694763
4.048044383525848
2.4645020300522447
2.701463717967272
3.1975752115249634
3.5771138966083527
2.7134186029434204
4.508920609951019
2.944435030221939
3.105240985751152
4.462603032588959
3.5094426572322845
3.3139528334140778
2.7597664296627045
3.591727614402771
2.681329119950533
3.284192308783531
4.564942717552185
3.3221539855003357
2.6776835694909096
2.900071442127228
3.8164231181144714
2.9129694774746895
2.878051996231079
3.6281856149435043
3.3260951936244965
3.0789320915937424
3.509404808282852
3.8478809595108032
4.331938177347183
4.37226340174675
2.9640671983361244
3.4807632118463516
3.3061806857585907
3.1010224670171738
3.762127161026001
2.871023714542389
3.212830275297165
3.596971556544304
4.307951033115387
2.8546996414661407
3.154064193367958
2.9542692378163338
4.727987498044968
3.243972584605217
2.5763920228928328
2.7361640706658363
4.8175689578056335
3.7774530053138733
4.076641798019409
2.6729306019842625
4.667391777038574
3.0204324424266815
2.9605593532323837
3.231339529156685
2.8943784534931183
4.047163426876068
3.5298486053943634
3.0200863629579544
3.3574818074703217
2.7350476384162903
3.8185514509677887
3.1782840937376022
3.0514731258153915
3.4380455315113068
3.1472522020339966
3.5630132257938385
2.7802513167262077
3.0117082595825195
3.0837274342775345
3.11297494918108
3.384408876299858
4.28500771522522
3.6125052720308304
3.020532503724098
3.0416016653180122
3.1492120772600174
4.385904967784882
3.2987038791179657
3.213227689266205
3.2468481361865997
2.8828139975667
4.166544675827026
2.667681835591793
3.5967453569173813
3.02423857152462
3.1994175165891647
3.021075874567032
3.415806144475937
3.36099773645401
4.374929964542389
2.618824876844883
3.5667413473129272
2.8179508820176125
3.6206474900245667
2.584051014855504
2.9116400331258774
3.843109905719757
3.431527242064476
3.5074351727962494
2.7301599457859993
3.0116521567106247
2.968168333172798
2.957749105989933
2.9241741448640823
3.469756841659546
3.0949125438928604
3.557278960943222
4.242064654827118
2.5876158475875854
2.8671084716916084
2.8743919730186462
3.690097853541374
3.30714114010334
3.8355952501296997
3.1095053255558014
3.2615363597869873
3.2226645946502686
3.220216929912567
4.256499409675598
3.5499675571918488
3.433319628238678
3.1827569752931595
4.727804213762283
3.0762702226638794
2.879660837352276
3.268413096666336
3.3578643202781677
2.8052268736064434
3.3552978932857513
3.518024981021881
3.366568237543106
3.2325270771980286
2.6476894970983267
4.7645361721515656
3.4434817731380463
2.803567163646221
4.632696658372879
3.55764739215374
3.2000552862882614
3.4215279668569565
2.5019746634643525
4.001273810863495
3.1042029708623886
3.9225277304649353
3.4876659512519836
2.7721657790243626
2.645838810130954
3.8634784519672394
3.7520092725753784
2.903805710375309
2.842353694140911
4.701212048530579
3.9189231395721436
3.165501058101654
4.443862587213516
3.055977448821068
2.9192382842302322
3.003658317029476
4.6475812792778015
3.480784147977829
3.1191864237189293
3.6308126151561737
2.7740013413131237
3.330976888537407
3.231213390827179
3.186790347099304
3.3596163988113403
3.0205684900283813
3.883538544178009
4.525534212589264
3.35689015686512
3.040924184024334
2.9281191527843475
3.7744249403476715
3.7096190452575684
2.6012932509183884
3.2858070731163025
3.4898900985717773
4.342372417449951
2.9007650166749954
3.209437280893326
3.0335132032632828
3.237157166004181
3.6412373185157776
4.322649538516998
3.1468114256858826
3.5647500306367874
3.9017680287361145
3.2237310707569122
3.5436825454235077
2.9011912643909454
3.364449515938759
2.8415322676301003
2.836487516760826
2.910143807530403
2.6638851687312126
3.8986729085445404
3.4619546681642532
3.206338882446289
3.0868083611130714
3.074660003185272
2.641615606844425
3.675762414932251
2.8571152687072754
3.7566138803958893
3.541160970926285
2.634490728378296
3.1661147624254227
3.530272915959358
3.8394546508789062
3.6820437759160995
3.8905608654022217
4.415982514619827
3.268398344516754
3.489818423986435
3.1730490922927856
3.199733942747116
3.1922882795333862
3.3547499775886536
3.0426138266921043
2.8148631006479263
2.9532306268811226
3.067820742726326
2.9330646619200706
2.4769104598090053
3.0749569460749626
3.3256736397743225
4.27074134349823
4.709080159664154
3.15271332859993
3.49854439496994
4.494296312332153
3.6823438107967377
4.522098153829575
2.940234988927841
3.3098869025707245
3.324195444583893
3.4197621047496796
3.310265615582466
3.0951910838484764
3.5447877645492554
2.8589090704917908
4.822562634944916
3.300996944308281
4.203978478908539
3.391050845384598
2.9326873645186424
3.261968567967415
3.155699372291565
3.096131309866905
2.72562637925148
4.000545144081116
3.3376367390155792
3.567176014184952
3.651932179927826
3.0332105606794357
2.9358842223882675
3.5854747891426086
3.6045584082603455
2.8512028604745865
3.3592646569013596
3.4636855125427246
3.4551607072353363
3.27032208442688
4.100451767444611
3.407287821173668
2.923625372350216
3.110370747745037
3.4139911830425262
3.0067842826247215
3.6171913146972656
3.223981261253357
3.153635635972023
4.336560070514679
2.850397229194641
3.2284538447856903
3.2329225540161133
3.1105488538742065
3.2705429941415787
3.7242402136325836
3.638390898704529
2.928027957677841
3.1040309369564056
3.377775475382805
3.4156012535095215
3.6908239871263504
4.142995625734329
3.8528354465961456
3.8931486010551453
4.245563596487045
3.21638286113739
3.5776130110025406
2.8850866109132767
4.169992506504059
2.6916740089654922
3.007539287209511
3.067764490842819
3.384927809238434
2.937740236520767
2.951711192727089
3.607836067676544
3.696398138999939
2.650759695097804
4.058968275785446
3.9248543977737427
3.3575017750263214
3.2174740731716156
4.588576853275299
4.621055871248245
2.7343804575502872
2.776473518460989
2.977534532546997
2.8442485630512238
3.026031441986561
3.0934755131602287
3.2218071073293686
3.3994004875421524
3.5207127779722214
4.632824063301086
3.3292827010154724
2.878005839884281
3.5232923924922943
3.414798080921173
3.282775580883026
3.411724492907524
3.1884797662496567
3.417820483446121
3.1752437353134155
4.424979090690613
3.4268344938755035
3.922075033187866
2.8404004871845245
3.277301639318466
3.471752777695656
3.2136106491088867
3.5353031754493713
3.31117145717144
3.4420830756425858
3.3970515429973602
3.2156288623809814
3.983120769262314
3.372931480407715
2.7518097311258316
2.8751588240265846
3.3034786581993103
3.934103399515152
4.012514799833298
3.6248794943094254
3.5282517969608307
2.7969544753432274
3.098370283842087
2.939109578728676
4.380708336830139
4.6732378005981445
4.183100163936615
2.708495855331421
3.1365296244621277
2.8988876938819885
3.075203448534012
4.34551402926445
3.76846045255661
3.0499284341931343
3.8029175996780396
2.757796961814165
3.2124607264995575
3.24001207947731
3.7481118738651276
3.0151235312223434
3.4790439158678055
4.24460768699646
3.2686369121074677
3.38611401617527
3.1865988671779633
2.9339227452874184
3.581600785255432
3.812386244535446
3.659634590148926
2.7962157502770424
2.847568318247795
3.8692761957645416
3.1027503311634064
2.8232235088944435
3.563627079129219
3.852752447128296
3.3390451967716217
3.025999926030636
3.006577044725418
3.5612615942955017
3.0263642966747284
3.852236270904541
3.2614795863628387
3.4487729519605637
2.7729372680187225
3.908400982618332
2.8214051946997643
3.5252347588539124
3.4215132892131805
3.4910697489976883
2.715259902179241
4.506215751171112
4.100930690765381
3.2319971174001694
3.151104524731636
3.916863203048706
3.0011990293860435
3.690549284219742
4.183212965726852
3.105800561606884
3.374740034341812
4.23500120639801
2.819696143269539
3.557235300540924
4.486652612686157
3.228391408920288
3.9194256067276
3.0881329253315926
3.0655162781476974
2.9100289940834045
2.832994759082794
3.405052348971367
3.7303081154823303
2.953191250562668
2.763131968677044
4.095457047224045
3.2081975042819977
3.060268945991993
3.1964443624019623
2.9428158327937126
3.5752560198307037
3.0226151645183563
3.2569420337677
4.21073317527771
3.4110433608293533
2.9481442272663116
3.120541237294674
3.1747688353061676
4.0767984092235565
3.3459599316120148
3.046628348529339
2.989444062113762
3.8559526205062866
3.399040400981903
3.905021697282791
3.1010224670171738
3.3549338579177856
3.243836760520935
3.3551334589719772
2.9438334330916405
3.291323259472847
4.141457825899124
3.8262026011943817
3.339007943868637
2.951110228896141
2.938794195652008
2.909768298268318
3.255995959043503
3.5092978924512863
3.1780463457107544
3.024524748325348
3.1299006938934326
3.7527018785476685
3.1112906709313393
2.518103588372469
3.043130114674568
3.368718773126602
3.132903203368187
3.051922060549259
2.7755234390497208
4.60574597120285
2.865624502301216
4.678781628608704
3.0316857248544693
2.7338294312357903
3.2426265627145767
3.5973355174064636
2.5241833878681064
3.315700888633728
3.446429818868637
2.4879315588623285
4.461580216884613
4.55923855304718
3.1205597147345543
3.7437911331653595
3.409760668873787
3.079208806157112
2.977019101381302
3.298671543598175
4.006051123142242
3.0788321048021317
3.7647397816181183
3.1076086312532425
3.5120879858732224
2.989456206560135
3.0271219462156296
3.530968874692917
3.9099353551864624
3.1589193642139435
2.7703532576560974
4.550269246101379
2.6826588064432144
3.583652898669243
3.6454805731773376
4.646568149328232
3.6257292330265045
2.6403056271374226
2.7780982106924057
4.409812241792679
3.170519545674324
4.716945290565491
2.7135424688458443
4.268314838409424
2.6331892237067223
2.6908420026302338
3.149634152650833
3.724522814154625
4.227514564990997
4.349088221788406
3.399197906255722
3.74265119433403
3.345802128314972
3.1002621352672577
4.342298805713654
2.711447160691023
3.7560707330703735
4.687596261501312
3.0666881054639816
3.1622103601694107
3.372250273823738
2.8244229778647423
2.7795419469475746
3.188484162092209
3.095376119017601
2.377650924026966
2.6300425734370947
4.084301590919495
2.9079658538103104
3.14543753862381
3.145187497138977
3.016686663031578
2.8517847135663033
3.3624963462352753
2.9508330672979355
3.8941577076911926
3.693871647119522
3.189885765314102
2.8883501142263412
2.8721823543310165
3.1470248848199844
3.296782672405243
2.625371515750885
3.326306939125061
2.819220684468746
3.071085475385189
2.975432202219963
2.9978102073073387
3.0922159552574158
3.8552361726760864
3.2583577185869217
2.6736033521592617
3.301541656255722
3.9515143632888794
4.427922964096069
3.3976492285728455
4.192184805870056
3.3405371010303497
3.8946951925754547
3.8085758686065674
2.61329909786582
3.152896463871002
2.7280313335359097
4.038168042898178
4.754177927970886
2.9726985096931458
2.7720376290380955
3.5294735431671143
2.763941250741482
4.1017672419548035
3.930302858352661
3.109831176698208
3.4488749504089355
3.247862011194229
4.416019916534424
3.0110999569296837
3.349900543689728
3.284403830766678
4.311723709106445
4.123116284608841
2.5680168624967337
3.2870983332395554
2.825702019035816
4.451483190059662
3.3713042736053467
3.649192303419113
2.8422871232032776
3.0876805260777473
3.214694559574127
2.6733867079019547
3.303832858800888
3.1319256871938705
4.2430272698402405
4.720643907785416
2.727535031735897
3.434414863586426
3.558398336172104
2.7761242538690567
3.7134578824043274
4.069603979587555
3.47083643078804
3.2988443970680237
4.087694734334946
3.869105875492096
3.0316391587257385
2.9797814041376114
2.82956562936306
2.9662424325942993
2.591316681355238
3.175143525004387
3.2490193843841553
4.005120098590851
3.7273867428302765
2.894947975873947
4.733735173940659
2.8594912216067314
3.476758524775505
3.2604925334453583
3.415992856025696
4.748485684394836
3.681294769048691
3.7593454122543335
4.502798914909363
4.076032340526581
3.1598348915576935
4.481035470962524
3.807424008846283
2.9701003059744835
3.2438986003398895
3.0551455914974213
2.8555122390389442
4.114163815975189
4.306312650442123
3.0945901572704315
3.7646955251693726
3.7750743329524994
4.494449198246002
2.870640605688095
3.1481778621673584
3.006844185292721
3.0090782046318054
4.176214039325714
2.7330425195395947
2.8057336062192917
3.2091327011585236
3.7420757114887238
3.9447906613349915
3.635215014219284
2.868047021329403
2.789881732314825
3.3267299830913544
4.894624948501587
2.753366231918335
3.5668185353279114
3.3829279243946075
4.017037600278854
3.604053556919098
3.210774287581444
3.1816111505031586
3.2027941197156906
3.5519053786993027
3.6272597312927246
2.8652097284793854
4.798695892095566
3.5408860445022583
3.201947510242462
3.9707887172698975
3.0157435312867165
3.1044623628258705
3.459306061267853
4.413305371999741
2.883056327700615
3.0573714524507523
3.380030542612076
3.4694232046604156
3.2895807176828384
4.179988503456116
3.066665902733803
3.656615912914276
2.8770384192466736
3.3851373195648193
3.0198215320706367
3.494730219244957
3.3459599316120148
2.7321651577949524
3.4843140095472336
3.331815153360367
3.3380550146102905
2.8732869774103165
2.9593802988529205
4.3706196546554565
3.6136677861213684
2.9771511256694794
3.080437555909157
3.812386244535446
3.214116394519806
4.283148348331451
3.5692259669303894
2.863093726336956
3.5351473838090897
3.8358399271965027
3.093503415584564
3.240140974521637
3.4725970029830933
3.00564993172884
2.939620763063431
3.7854711711406708
2.977951690554619
2.9978593438863754
2.7731260657310486
2.7636226266622543
4.466956406831741
3.582346737384796
3.957017958164215
3.7856538593769073
3.8309450447559357
2.954711616039276
3.4598346054553986
3.416832387447357
2.855083718895912
3.617103323340416
3.2223109155893326
3.608482927083969
2.900841310620308
3.4608105570077896
3.618166521191597
4.265163242816925
3.091242089867592
3.0799710005521774
3.2271263003349304
2.830277346074581
3.2376831769943237
2.8512507677078247
2.6540043484419584
3.4788811951875687
4.360029697418213
3.062390945851803
2.7698056027293205
3.6610744148492813
3.4281469136476517
2.950518950819969
2.977660894393921
3.119214214384556
4.496270418167114
4.866522550582886
3.2094426453113556
2.9515008628368378
2.9838845878839493
4.662912487983704
2.7431002631783485
2.5370870903134346
3.711126744747162
3.286701738834381
3.5257764905691147
3.797312080860138
2.9507242143154144
2.792869471013546
3.107985518872738
3.276335746049881
3.0901939421892166
3.337956592440605
2.649739906191826
3.082248717546463
4.1589778661727905
3.327157646417618
2.9272300750017166
3.1764116138219833
3.3715780824422836
2.9957538098096848
3.2774870097637177
3.689376711845398
2.9041503369808197
4.0365394949913025
3.0803976953029633
2.980995997786522
3.18240225315094
3.261529728770256
3.3222471177577972
3.589596226811409
3.4578199684619904
3.445105254650116
2.600021157413721
4.484654664993286
3.5045772790908813
3.1408320367336273
3.392258957028389
3.8133734464645386
3.5972340404987335
3.6764106899499893
2.914949506521225
3.6145901679992676
2.977701462805271
4.253007769584656
3.2040639221668243
3.155966103076935
3.767465054988861
3.507586345076561
3.7044712901115417
3.32792267203331
3.825262188911438
4.063422828912735
3.434968963265419
3.706677556037903
3.8239051401615143
3.8230499625205994
2.8564613312482834
2.9102134704589844
4.445898085832596
3.8599491119384766
3.1276902556419373
4.353408515453339
3.000412918627262
3.1426089257001877
2.8833406418561935
3.531757891178131
3.1027503311634064
3.1561388075351715
4.003332257270813
2.4636637745425105
3.3023975789546967
3.015960231423378
4.1048359870910645
4.119110405445099
4.175236225128174
3.1610046327114105
2.8312961757183075
2.83103097230196
3.0762596428394318
3.188256025314331
3.2054786384105682
3.3455612510442734
4.3008337914943695
3.6320629715919495
4.277168810367584
2.567735482007265
2.6329906657338142
3.394174724817276
4.771735370159149
4.260464757680893
3.0158742517232895
3.035771995782852
3.3642855286598206
3.1030990183353424
4.5180052518844604
3.857101798057556
3.1132574006915092
3.346669226884842
2.9153329506516457
3.24095755815506
3.4843140095472336
4.44573774933815
4.265781044960022
3.1494777649641037
2.8499601781368256
3.1540942192077637
3.112279437482357
3.259510099887848
3.374350219964981
2.8367501124739647
4.3825763463974
4.465343803167343
3.3565571904182434
3.348344936966896
3.529285117983818
4.469789266586304
3.3298540860414505
3.120058923959732
2.884383052587509
4.248534739017487
3.112754747271538
4.566212892532349
3.1449127197265625
3.5444818437099457
3.154738172888756
3.5398946702480316
4.2996275424957275
4.215643405914307
3.503812253475189
3.282674252986908
3.258131220936775
3.5572608560323715
3.405773416161537
2.9774488136172295
4.035500884056091
3.291614204645157
3.0128417536616325
3.9145153760910034
3.030541017651558
2.5830222107470036
3.483504354953766
3.685762882232666
3.394140750169754
3.326779454946518
3.722066432237625
3.13156820833683
3.153630793094635
2.797444798052311
4.66281920671463
4.5448362827301025
3.978370279073715
2.5877293571829796
2.9502738267183304
2.956661619246006
4.378731697797775
3.729749768972397
2.952559217810631
2.6459348667412996
3.187250792980194
3.147912174463272
3.6714886873960495
3.2362067699432373
2.957049123942852
3.8501158356666565
3.5957223922014236
2.50498381908983
2.5607332587242126
3.4306566417217255
3.200625702738762
3.389360010623932
2.7368375286459923
2.7307962253689766
3.0548353865742683
3.5771071165800095
2.7700812742114067
2.876855693757534
2.767094522714615
4.781351685523987
3.117033615708351
4.747779369354248
3.563946634531021
3.0209144204854965
3.79490002989769
4.333004206418991
3.6456069350242615
3.6806412041187286
3.0628741160035133
3.024034798145294
4.953131079673767
3.493877202272415
4.2740775644779205
3.1277677416801453
3.1815077364444733
2.9153842478990555
4.125856906175613
2.88385272026062
2.9904189705848694
4.597819745540619
3.405131995677948
3.4855399280786514
2.8317712247371674
3.5742218792438507
2.927319258451462
3.975691795349121
4.570410251617432
2.988078109920025
3.15143920481205
3.3121468126773834
3.7109822034835815
2.884586378931999
3.4327346831560135
4.353256523609161
3.4115248173475266
3.2421858608722687
3.9555582404136658
3.1986284255981445
3.8775821030139923
3.2545939087867737
2.7937885373830795
3.0905142426490784
3.700912296772003
2.878735177218914
3.1964028626680374
2.716732732951641
3.6041831970214844
4.237453192472458
3.967597484588623
3.033769652247429
3.0323434248566628
2.6649852097034454
2.940843366086483
3.936757445335388
4.538834989070892
4.318150728940964
2.622419372200966
3.284476548433304
4.1618964076042175
3.8945376873016357
3.4742194414138794
3.3743909001350403
2.9256245121359825
2.8246891498565674
2.6646072044968605
4.273399114608765
2.8065284714102745
3.2511578500270844
3.5329201072454453
4.257219135761261
4.61739256978035
2.9808827117085457
2.767912931740284
3.0779320374131203
3.154923766851425
2.9754409193992615
4.122656583786011
4.618900269269943
3.588554263114929
2.702820710837841
3.0115918442606926
3.101308234035969
2.6301286090165377
3.662087097764015
4.271660298109055
2.8210951387882233
3.4481655806303024
3.333161473274231
2.8123709186911583
3.8070908188819885
3.1323112547397614
2.9431207105517387
2.9106461256742477
3.6432158201932907
3.223603665828705
3.0981367081403732
4.617783427238464
3.2094965875148773
4.428415447473526
3.5559161752462387
3.0548931658267975
2.6140038669109344
3.0449099838733673
3.420351594686508
2.7854319475591183
2.6108435727655888
3.218238800764084
3.7132953852415085
3.8321982324123383
4.611964821815491
3.940334916114807
3.314840942621231
3.743116110563278
3.058711737394333
2.8638557344675064
3.164600133895874
2.9941221326589584
2.851029746234417
3.1199023872613907
3.2176950573921204
2.9156193137168884
4.018815755844116
2.9597464576363564
3.3603695034980774
3.0216628313064575
3.3895128965377808
2.772322855889797
3.518977463245392
3.3713218569755554
4.633443355560303
3.612345829606056
3.713201880455017
3.6093848943710327
3.597753718495369
2.9732155054807663
3.8707712292671204
3.633463829755783
3.6043214052915573
3.456351161003113
3.3717824518680573
2.9062318801879883
2.4026579409837723
4.383119344711304
3.0041005834937096
3.092282935976982
3.7999486923217773
3.6510011553764343
3.159164786338806
3.715304657816887
4.452150911092758
4.092601388692856
2.9599666967988014
3.2271528244018555
2.789531722664833
3.33581805229187
3.877710700035095
2.6437095925211906
4.016246497631073
3.224528580904007
2.827873080968857
4.17763352394104
2.9122796282172203
3.241684064269066
4.059607088565826
2.735925391316414
3.244002088904381
4.086712896823883
2.9393935948610306
4.186473041772842
3.0806947872042656
2.7317816205322742
3.768811523914337
2.937493361532688
3.307751789689064
3.2198797166347504
3.4423594176769257
4.598792791366577
2.987932525575161
3.176884204149246
3.255408853292465
3.6929702758789062
2.915283739566803
2.704115081578493
2.785130962729454
2.4995831213891506
3.13630074262619
3.4740890562534332
3.3388379961252213
2.661033123731613
3.674428164958954
4.870607554912567
3.6539240926504135
4.66344878077507
4.21081468462944
4.257309287786484
4.917048364877701
3.6175134778022766
3.1232212483882904
2.703874669969082
3.7863655388355255
2.805400528013706
4.405197203159332
3.9667338132858276
2.928486131131649
3.198327198624611
3.985179364681244
3.7566903233528137
2.944032810628414
3.263881355524063
3.812515288591385
4.202611893415451
4.7699883580207825
4.433465301990509
3.73761884868145
4.126949608325958
3.8281168043613434
2.860349342226982
3.3214765042066574
3.466375023126602
3.8899466395378113
3.394828736782074
2.9175372794270515
3.9332161843776703
3.1231308728456497
3.8761547207832336
3.264624774456024
3.784918189048767
2.9622769355773926
3.4867852926254272
3.197181075811386
3.12783382833004
2.4645208893343806
3.422119617462158
3.417038768529892
3.278081864118576
2.5837051309645176
3.269284814596176
2.8227127715945244
2.867928594350815
2.8898150473833084
3.3976954966783524
3.844893127679825
3.9248132705688477
4.2391495406627655
2.98740703612566
3.139893487095833
3.468974158167839
3.279356509447098
4.506074488162994
3.413306549191475
3.344227224588394
3.6557217687368393
4.126476049423218
3.7806709110736847
3.0584660172462463
2.747574280947447
3.26375275850296
3.0366427078843117
3.234124183654785
3.4056205302476883
3.1723830103874207
3.2345787435770035
2.901608422398567
2.701589222997427
3.9628978073596954
3.007388263940811
3.023676499724388
3.357453867793083
3.044871836900711
3.073783367872238
2.9394032061100006
3.5094493627548218
3.120187819004059
3.3449767529964447
3.4507250785827637
3.437042236328125
3.410603255033493
3.9152851700782776
3.1982651352882385
2.677684612572193
3.92087459564209
3.1967242062091827
3.989349901676178
4.252704232931137
3.069886974990368
4.242334961891174
4.626244008541107
2.6717526465654373
2.5664433278143406
3.22382315993309
4.07563716173172
3.2426995784044266
2.7828436717391014
3.5774674266576767
3.1570779532194138
3.3132603764533997
3.0795297399163246
2.873164154589176
2.8859843313694
3.5444915294647217
3.4915928542613983
3.3405252546072006
3.602655380964279
2.6077517215162516
3.9082275331020355
3.2136961817741394
3.3603645861148834
3.3333397656679153
2.7757697366178036
2.788579687476158
2.6106135733425617
2.6768039166927338
4.254718571901321
3.15372496843338
3.2477249950170517
3.579060584306717
3.1866738200187683
3.290366232395172
4.058968275785446
2.938990890979767
3.2320167124271393
3.939901292324066
3.573424518108368
4.203251749277115
3.2267435640096664
3.4549530595541
2.741321511566639
4.450587332248688
3.943488299846649
3.3399781584739685
2.977009005844593
4.315973371267319
3.038124591112137
3.573928326368332
3.9037634432315826
3.4124398231506348
3.312014937400818
3.0505984649062157
3.157547116279602
3.1107959151268005
3.252747729420662
3.499615490436554
4.033252596855164
3.3499961346387863
3.2575129717588425
2.882903218269348
3.457767516374588
3.821937143802643
4.669525772333145
3.576356917619705
2.6227957475930452
3.141908049583435
3.2574844360351562
3.040841594338417
3.641020655632019
2.900378964841366
3.2624341547489166
3.0029990524053574
4.597481787204742
3.164365440607071
3.230942040681839
4.919404685497284
3.4397923946380615
2.7877308428287506
3.966952860355377
2.6131750643253326
3.042181581258774
3.4496766328811646
3.0897843092679977
2.8260773047804832
2.5828151497989893
4.650762975215912
3.9258281886577606
2.9656168073415756
2.781008519232273
