4.970791339874268
4.721089452505112
4.710277020931244
4.9021971225738525
4.7835782170295715
4.8217324912548065
4.893614798784256
4.846317768096924
4.913899451494217
4.98018741607666
4.862087666988373
4.616120457649231
4.8798152804374695
4.791918247938156
4.774651527404785
5.000000596046448
4.788069128990173
4.827490448951721
4.827946871519089
4.895007312297821
4.820456653833389
4.575690478086472
4.677249640226364
4.752819836139679
4.876968711614609
4.899685084819794
4.906150996685028
4.768706858158112
4.861240237951279
4.714303910732269
4.893093407154083
5.000000596046448
4.702824205160141
4.73037376999855
4.891490936279297
4.91568848490715
4.8312413692474365
4.648238122463226
4.349425435066223
4.800472855567932
4.709831774234772
4.8159220814704895
4.79203462600708
4.704387336969376
4.534265697002411
4.473793804645538
5.0
4.94755744934082
4.928055703639984
4.558338075876236
4.832994341850281
4.546471834182739
4.75826621055603
4.9912939965724945
4.767902195453644
4.931199252605438
4.856968969106674
5.0
4.90229606628418
4.532478749752045
4.698832631111145
4.7087037563323975
4.90446612238884
4.838874489068985
4.508030712604523
4.776103496551514
4.751013666391373
4.815255850553513
4.922308921813965
4.99032199382782
5.000000298023224
4.817882925271988
4.671700894832611
4.877030253410339
4.59929496049881
4.82850506901741
4.848521947860718
4.808752238750458
4.8374342918396
4.9058376252651215
4.831539690494537
4.833033531904221
4.903416782617569
4.707426428794861
5.000000596046448
4.899480193853378
4.833515286445618
4.639202058315277
4.66797947883606
4.697804152965546
4.750296175479889
4.938859045505524
4.494791626930237
4.627362042665482
4.558482766151428
4.983643740415573
4.631034582853317
4.496041834354401
4.8769040405750275
4.904758781194687
4.530052691698074
4.827370345592499
4.653735160827637
4.8290108144283295
4.740084409713745
4.668271243572235
4.772614687681198
4.63208794593811
4.540309309959412
4.755580723285675
4.868215024471283
4.756969660520554
4.6429237723350525
4.637426286935806
4.9319203197956085
5.000000298023224
4.788004755973816
4.490448534488678
4.611298739910126
4.813231527805328
4.8785825073719025
4.978426992893219
4.8859986662864685
4.753085076808929
4.600929319858551
4.6555545926094055
4.768301397562027
4.848156720399857
4.745821058750153
4.6253567934036255
4.705560803413391
4.639731049537659
4.7900161147117615
4.887513369321823
4.682740420103073
4.372586309909821
4.269241243600845
4.820446819067001
4.819433093070984
4.728474169969559
4.5859576761722565
4.3707482516765594
4.699055701494217
4.412189722061157
4.813252389431
4.9177514016628265
4.780019223690033
4.597229212522507
4.633466303348541
4.949187189340591
4.2139557003974915
4.724336266517639
4.9024344980716705
4.861069470643997
4.926334917545319
4.585364013910294
4.6232204139232635
4.7626107931137085
4.766501486301422
4.881081581115723
4.730188250541687
4.746875464916229
4.530336260795593
4.523941874504089
4.620399177074432
4.794321358203888
4.892880767583847
4.885437488555908
4.856925010681152
4.467617571353912
4.804803431034088
4.911317974328995
4.8268163204193115
4.7757501900196075
4.488570839166641
4.588652849197388
4.83069583773613
4.428407251834869
4.86284077167511
4.930001646280289
4.777510166168213
4.556223750114441
4.908588230609894
4.677133113145828
4.789830148220062
4.81837660074234
4.456741362810135
4.7231848537921906
4.367387443780899
4.678156673908234
4.58140641450882
4.8275598883628845
4.796508252620697
4.896356165409088
4.194338470697403
4.860316216945648
4.615931957960129
4.581774175167084
4.86185684800148
4.4905489683151245
4.651715457439423
4.672161936759949
4.578047394752502
4.391025900840759
4.722058176994324
4.972286373376846
4.537157416343689
4.347952753305435
4.593772143125534
4.509640485048294
4.670595973730087
4.366245269775391
4.6310438215732574
4.725845754146576
4.779327064752579
4.685825407505035
4.652173072099686
4.428953528404236
4.803224951028824
4.63277667760849
4.7082047164440155
4.7588276863098145
4.26704928278923
4.537065327167511
4.9172863364219666
4.884922802448273
4.834445118904114
4.913679212331772
4.165419787168503
4.873503148555756
4.855628311634064
4.850485771894455
4.312797337770462
4.762508422136307
4.966744482517242
4.680024832487106
4.579979479312897
4.599928855895996
4.783773422241211
4.607260823249817
4.6478071808815
4.842748641967773
4.957043826580048
4.628819525241852
4.797259718179703
4.014552980661392
4.572579860687256
3.954116702079773
4.370726943016052
4.899028241634369
4.7335284948349
4.691350162029266
4.637153446674347
4.86955851316452
4.439932703971863
4.613885879516602
4.616242498159409
4.173412770032883
4.212542027235031
4.468739926815033
4.196455925703049
4.872043132781982
4.448818564414978
4.696398675441742
4.4221435487270355
4.901200234889984
4.77375715970993
4.577892422676086
4.7140951454639435
4.087414443492889
4.661907851696014
4.821298569440842
4.329392313957214
4.457765519618988
4.616171717643738
4.578874409198761
4.57367867231369
4.363488852977753
4.312801510095596
4.731089770793915
4.366944134235382
4.670397639274597
4.452948868274689
4.182301759719849
4.770567417144775
4.8998019099235535
4.545508027076721
4.473306238651276
4.693901091814041
4.399473667144775
4.400142282247543
4.406501650810242
4.272534996271133
4.295993149280548
4.471297562122345
4.829556196928024
4.461894780397415
4.6549054980278015
4.616133272647858
4.435072988271713
4.196181297302246
4.141641855239868
4.729355722665787
4.776976555585861
4.617098569869995
4.508843719959259
4.483011364936829
4.28548663854599
4.706494510173798
4.58207443356514
4.683927893638611
4.942305684089661
4.336367249488831
4.4133202731609344
4.1945189237594604
4.708716571331024
4.00233268737793
4.61194634437561
3.3356906473636627
4.658554345369339
4.480163007974625
4.263799488544464
4.8643094301223755
4.634787887334824
4.714333713054657
3.950037360191345
4.613380432128906
4.670935273170471
4.599072337150574
4.825340807437897
4.688006341457367
4.941193908452988
4.8603880405426025
4.7065310180187225
4.730941355228424
4.698256403207779
4.8930923640728
4.696842283010483
4.485703110694885
4.737503826618195
4.767793416976929
4.4191113114356995
4.6775418519973755
4.435850977897644
4.7995999455451965
4.590003788471222
4.446528255939484
4.519418179988861
4.139194488525391
4.392966330051422
4.613905251026154
4.743742346763611
4.720604866743088
4.330272823572159
4.336279630661011
4.689732491970062
4.803663045167923
4.658050239086151
4.479942321777344
4.658152312040329
4.174148738384247
4.584855288267136
4.555268585681915
4.768587648868561
3.8454583287239075
4.572479426860809
4.704665243625641
4.135873913764954
4.762919694185257
4.449243247509003
4.572672098875046
4.415802359580994
3.9178551733493805
4.810236543416977
4.781658053398132
4.876725375652313
4.966451525688171
4.677452594041824
4.4400641322135925
4.2699116468429565
4.400022476911545
4.83638271689415
4.809776246547699
4.658183306455612
4.617331624031067
4.540639370679855
4.200639873743057
4.699094295501709
4.845403730869293
4.402438104152679
4.7592151165008545
4.658855497837067
4.685512483119965
4.963113367557526
4.587209224700928
4.675477296113968
4.763073921203613
3.978002965450287
4.547659158706665
4.6212926506996155
4.270475804805756
3.9552873373031616
4.4116902351379395
4.614735543727875
4.873629212379456
4.689193069934845
4.570905864238739
4.469824135303497
4.567612111568451
4.816368520259857
4.663758873939514
4.406552761793137
4.495034068822861
4.254010617733002
4.237958788871765
4.736079573631287
4.706790596246719
4.3754942715168
4.6622434258461
4.32260662317276
4.440882503986359
4.319277107715607
4.222037643194199
4.2901259660720825
4.2174893617630005
4.47918564081192
4.1400595009326935
4.447316527366638
4.691088795661926
3.897615671157837
4.540451467037201
4.665798097848892
4.457234144210815
4.137760102748871
4.386514276266098
4.268450736999512
4.189493656158447
4.275746643543243
4.593488574028015
4.292645156383514
4.164526462554932
4.728188514709473
4.302263557910919
4.781923890113831
4.5716893672943115
4.426808059215546
4.031297564506531
4.348662197589874
4.878852516412735
4.256964474916458
4.741085767745972
4.7823478281497955
4.085763096809387
4.4901034235954285
4.606395661830902
4.737037569284439
4.498857855796814
3.88689786195755
3.8508719205856323
4.376465380191803
4.407394826412201
4.12187397480011
4.3200598657131195
3.492085486650467
4.572272002696991
4.445324540138245
3.978089988231659
4.090201556682587
4.961490035057068
4.620324969291687
4.424437880516052
4.530118256807327
4.784298241138458
4.80449378490448
4.4440314173698425
3.7572288513183594
4.60570752620697
4.4837333261966705
4.253466427326202
4.375956058502197
4.0131548047065735
4.313354045152664
4.941548556089401
3.933255821466446
4.028401970863342
4.404372870922089
4.440784901380539
4.419693052768707
4.439707398414612
4.296233057975769
4.317036271095276
4.341102689504623
4.2982397973537445
4.157192707061768
4.6159859001636505
4.564506113529205
4.440398067235947
4.650924801826477
4.644930064678192
4.371365010738373
3.7420810759067535
3.778754472732544
3.8853639364242554
4.628648459911346
4.280760288238525
4.318229556083679
4.2544496059417725
3.981991708278656
4.384103715419769
4.633392095565796
4.483132511377335
4.74035382270813
4.341995120048523
4.305281937122345
4.505448043346405
4.626709669828415
4.503501504659653
4.50717881321907
4.053101539611816
4.28742840886116
4.3058764934539795
3.9998316764831543
4.641226828098297
4.4763535261154175
4.579510986804962
4.424422383308411
3.9035046100616455
4.651981890201569
4.4734446704387665
4.088718742132187
3.667083829641342
4.505269527435303
4.23687219619751
4.200657308101654
3.8457921147346497
4.382020682096481
4.814567565917969
4.599725604057312
4.258675575256348
4.719968736171722
4.314538836479187
4.35261145234108
3.7314139306545258
4.021682441234589
4.278492778539658
4.640852212905884
4.05409961938858
4.018093943595886
4.470812976360321
4.163428544998169
4.441415965557098
4.569329917430878
4.9233512580394745
4.385257214307785
4.723752439022064
4.6889728307724
4.4767773151397705
4.383884370326996
4.73690390586853
4.350224882364273
3.9137102663517
4.730396419763565
4.642670452594757
4.650202393531799
4.286720901727676
4.790714979171753
3.982335478067398
4.391947537660599
4.220425486564636
3.9846375584602356
3.9145275950431824
4.017074257135391
3.9010974764823914
4.2051321268081665
4.46137398481369
4.382228255271912
4.08675417304039
4.729683697223663
4.28266704082489
4.232564866542816
4.344969689846039
4.407920241355896
4.658376574516296
4.066154956817627
3.824225068092346
4.445347785949707
4.3301403522491455
4.108664393424988
4.402365833520889
4.3696528673172
4.489901065826416
4.474899619817734
4.502327889204025
4.216398298740387
3.938145190477371
4.376408159732819
3.6290165036916733
3.7826907634735107
4.1104282438755035
3.840423822402954
3.984377384185791
4.248463809490204
3.979395627975464
4.353330582380295
4.475270211696625
3.9107556641101837
4.149162173271179
4.055692553520203
4.238141030073166
4.505662024021149
3.831494301557541
4.092225134372711
3.606860712170601
4.489715397357941
4.138120710849762
4.149379581212997
4.592536985874176
3.960416615009308
4.66183215379715
3.7787172198295593
4.252278208732605
3.162190318107605
4.162283837795258
4.58076074719429
3.6253102868795395
4.508526623249054
3.5635188221931458
4.516643434762955
4.193561375141144
3.519931212067604
4.750729501247406
3.8787510991096497
4.268864989280701
4.134703427553177
3.63211028277874
4.412659257650375
4.037344455718994
3.5000289976596832
4.295042306184769
4.289097636938095
4.472014755010605
4.366426765918732
4.208376109600067
3.992154896259308
4.485612064599991
3.954100161790848
4.468925893306732
4.511001706123352
4.1219329833984375
4.111812114715576
4.627889692783356
4.7407203912734985
4.3268899619579315
4.6432240307331085
3.8773733377456665
4.6315425634384155
3.6222149431705475
3.9044854044914246
4.666875898838043
3.8269272446632385
4.339062422513962
4.845705330371857
4.137370735406876
4.593938589096069
3.7728138267993927
4.426803141832352
4.7149428725242615
4.012203216552734
4.496967047452927
3.8003993034362793
4.129159301519394
4.143622070550919
3.9365623891353607
4.298087507486343
3.792816996574402
4.459394812583923
4.010181725025177
4.43482369184494
4.438452124595642
3.456198275089264
3.7728914618492126
4.1176265478134155
3.950480818748474
3.833496570587158
4.077823907136917
4.78112667798996
4.0746009349823
4.476264268159866
3.9613114297389984
4.3330661952495575
3.980289548635483
3.657224550843239
3.612370491027832
4.814192205667496
4.402858316898346
4.359184503555298
4.1475242376327515
4.418115168809891
4.16431188583374
3.9454329013824463
3.489213138818741
4.120678603649139
4.100354611873627
3.5437820851802826
4.826288521289825
3.5471225529909134
4.079086035490036
4.090122282505035
4.128681421279907
3.2440250366926193
4.53697144985199
4.456941485404968
4.509821236133575
3.666708320379257
4.652310013771057
3.763546198606491
4.364094138145447
3.789767473936081
4.648355841636658
4.017535746097565
3.7717360258102417
4.2318083345890045
4.593072831630707
3.986138254404068
4.23310324549675
4.086029827594757
3.836694061756134
3.7960201501846313
3.8997650146484375
3.9224334061145782
4.121547341346741
4.703270792961121
3.975486308336258
3.93429696559906
3.99269700050354
4.58171084523201
3.1121432408690453
4.28585022687912
4.277898222208023
4.318855255842209
4.533528238534927
3.6625486612319946
4.222736954689026
4.165978878736496
4.462355375289917
4.668364226818085
4.3959420919418335
4.039897918701172
3.7534677982330322
4.158222675323486
4.3065145611763
4.167917966842651
4.131757318973541
3.7723544239997864
3.907548487186432
3.723384439945221
4.102306365966797
4.024720340967178
4.354667365550995
4.016706943511963
4.0760040283203125
4.0229532122612
3.6069685965776443
3.6376335471868515
4.070907235145569
3.684459701180458
3.605387508869171
4.479833245277405
4.363959729671478
3.4529417753219604
4.106717258691788
2.8335579112172127
4.216556698083878
3.9991408586502075
4.010650217533112
3.105134069919586
4.591495990753174
3.4720316529273987
4.227322638034821
3.8785116374492645
4.074169099330902
3.5273857414722443
3.987082839012146
3.760135918855667
4.362280070781708
4.055611789226532
4.793933182954788
3.239661753177643
4.172354638576508
4.202972203493118
3.7048612534999847
4.0430037677288055
4.033529162406921
3.9146704971790314
4.250193685293198
4.85223114490509
4.827875196933746
4.701298177242279
4.738064408302307
4.698503166437149
4.608756899833679
4.86011803150177
4.928809255361557
4.816153794527054
4.8235103487968445
4.902420789003372
4.799695461988449
5.0
4.890404045581818
4.612787365913391
4.557606726884842
5.000000298023224
4.9455176293849945
4.871936142444611
4.859929084777832
4.8661065101623535
4.747374057769775
4.720106720924377
4.9887025356292725
4.940554201602936
4.705151468515396
4.887924790382385
4.818150997161865
4.623006582260132
4.933426380157471
4.697545766830444
4.9119579792022705
4.872325360774994
4.386176913976669
4.238780438899994
4.962618499994278
4.924568235874176
4.52099472284317
4.956534504890442
4.777974188327789
4.937105625867844
4.907923638820648
4.801207184791565
3.9442360401153564
4.759659469127655
4.718145281076431
4.726880788803101
4.4192202389240265
4.7917672991752625
4.157721102237701
4.728243052959442
4.784610569477081
4.762638211250305
4.886581897735596
4.826112389564514
4.770963490009308
4.859549254179001
4.858229011297226
4.926142692565918
4.7594814002513885
4.838927090167999
4.729283154010773
4.838906228542328
4.806974679231644
4.837049245834351
4.903105199337006
3.8513827323913574
4.1524747014045715
4.818091988563538
4.760861396789551
4.681719541549683
4.596685916185379
4.524034559726715
4.303337782621384
4.578743577003479
3.665423020720482
4.333657473325729
4.948554337024689
4.853794574737549
4.681675434112549
4.91303563117981
4.3777406215667725
4.457967430353165
4.492041766643524
4.832352995872498
4.8708489537239075
4.754949510097504
4.715887904167175
4.766296446323395
4.73179429769516
4.849652945995331
4.845540374517441
4.434201568365097
4.531468451023102
4.844468981027603
4.265718758106232
3.7562264502048492
4.054490625858307
4.728123843669891
4.695654511451721
4.150390475988388
4.713754653930664
4.696176052093506
4.760067164897919
4.7946301102638245
4.752784967422485
4.764892011880875
4.921692609786987
4.920469224452972
4.717174172401428
4.787972271442413
4.880169928073883
4.622307121753693
4.753166735172272
4.527753591537476
4.434326887130737
4.6175602078437805
3.6136265099048615
4.772365987300873
4.67927947640419
4.386239051818848
4.679780602455139
4.868074357509613
4.423141330480576
4.15179044008255
4.530892074108124
3.9167243242263794
4.519513845443726
4.197073727846146
4.436430037021637
3.883107900619507
4.181971848011017
4.469098150730133
4.424028396606445
4.762548208236694
4.665202349424362
4.7177353501319885
4.455764293670654
4.688734263181686
4.742109477519989
4.099050760269165
4.126216322183609
4.608037173748016
4.392039179801941
4.714289009571075
4.199083298444748
3.9459267258644104
4.564778655767441
4.016622006893158
4.476608037948608
4.6307119727134705
4.233761876821518
4.139280766248703
4.157174527645111
4.317827522754669
4.351276159286499
4.183565527200699
4.366016685962677
4.644068330526352
4.476128816604614
4.141683727502823
4.683572202920914
4.46092963218689
3.3938375115394592
4.775274097919464
4.700580835342407
4.8320963978767395
4.369596838951111
4.80207234621048
4.5762839913368225
4.168536216020584
4.436024725437164
4.470526576042175
3.881453722715378
4.557838141918182
4.066304266452789
4.540930688381195
4.7183433175086975
3.7282132357358932
4.578691124916077
4.561452865600586
4.79763925075531
4.4301533699035645
4.609423577785492
4.099422097206116
4.2565834522247314
4.462574124336243
4.460984170436859
4.598176032304764
4.742157459259033
3.977222442626953
4.360127002000809
4.221753180027008
4.325045347213745
4.756572842597961
4.709015488624573
4.277001619338989
4.8317427933216095
4.796161353588104
3.6875367164611816
4.536149203777313
4.491985887289047
3.788853734731674
4.099284410476685
4.679950773715973
4.385487735271454
4.428427666425705
4.810726642608643
4.119899570941925
3.9554516971111298
4.0717098116874695
4.25480529665947
4.747248291969299
4.7282737493515015
4.393865168094635
3.849743902683258
4.124692231416702
4.642123579978943
4.440945684909821
4.54281210899353
4.4030022621154785
4.413927793502808
4.684063196182251
4.1807785630226135
4.118110537528992
4.253763854503632
4.417061507701874
4.723045825958252
4.341760724782944
4.287160933017731
3.512832075357437
4.353170096874237
4.0326690673828125
4.34695303440094
3.8930299878120422
4.056842178106308
4.46485161781311
4.743722975254059
4.385177195072174
4.051821082830429
4.758463948965073
3.906696140766144
3.8689307868480682
3.4295035898685455
3.062390014529228
4.776219576597214
3.6158932745456696
4.615192413330078
3.7304770946502686
4.386357069015503
4.591414928436279
4.122506529092789
4.377169162034988
3.624180182814598
4.529135227203369
4.480950683355331
4.505974501371384
3.797643631696701
4.433231353759766
4.143040031194687
4.0751731395721436
3.769661784172058
4.273485541343689
4.459898769855499
3.775598704814911
4.477414190769196
4.129066467285156
3.8013458251953125
4.230763167142868
4.660906791687012
3.8474079966545105
4.685137569904327
4.611641764640808
3.947110176086426
4.588164836168289
4.234112501144409
4.000620543956757
4.163893610239029
4.617384374141693
4.255927503108978
3.6328359693288803
3.6540113389492035
4.847641140222549
4.352235198020935
4.454696029424667
3.4352178871631622
4.0985047817230225
4.578101336956024
4.837914854288101
3.536049500107765
4.783031642436981
4.230490326881409
4.255430698394775
4.353098571300507
4.512712359428406
3.613196909427643
4.330877959728241
4.209698587656021
4.5110878348350525
4.469692707061768
4.657631665468216
4.105990827083588
3.6801961809396744
4.117151200771332
4.409512132406235
3.388109803199768
4.604749083518982
3.7749579548835754
4.6559301018714905
4.607778489589691
4.484131038188934
4.180562496185303
3.6616966873407364
3.64013671875
3.9824795722961426
3.6904216557741165
4.754013568162918
3.948378264904022
3.5114577412605286
4.055451154708862
4.286302328109741
4.523312151432037
3.5946061462163925
4.486379325389862
3.8017654418945312
4.436827152967453
3.705599382519722
4.036530554294586
3.6168406903743744
3.526105657219887
4.5408375561237335
4.165139198303223
4.341922402381897
3.981018215417862
4.477759599685669
4.4315822422504425
3.8259273767471313
3.6771292239427567
4.11977082490921
4.254409670829773
4.796229600906372
4.045477658510208
4.334250092506409
3.850056529045105
4.128200560808182
4.177515208721161
4.563240706920624
4.64447557926178
4.4132304191589355
4.175914824008942
4.3412551283836365
4.252738058567047
4.433826208114624
3.8486236333847046
4.09862294793129
4.535767734050751
3.641468733549118
4.158904552459717
3.4583409130573273
4.122255742549896
4.423007965087891
3.968087136745453
4.068427383899689
4.125514626502991
4.04526561498642
4.0538473427295685
3.783191442489624
3.7715639173984528
4.4084955751895905
3.8865098357200623
3.836292177438736
2.8129974752664566
3.94797146320343
3.582344949245453
3.9353151619434357
3.2979633659124374
4.102592170238495
4.239062517881393
3.9050598442554474
4.439654648303986
4.207405596971512
3.8333937525749207
3.6881010979413986
3.884890228509903
3.090486116707325
3.891323506832123
3.5244597494602203
4.3531036376953125
4.165014624595642
3.398013114929199
4.675003737211227
4.266317188739777
4.427109658718109
3.1541134417057037
3.6770328134298325
4.0451779961586
3.8299116492271423
3.8129112124443054
3.9648157358169556
4.25515204668045
3.5867129266262054
3.8851380348205566
4.169832617044449
4.288697242736816
3.247789889574051
4.236609488725662
4.589417576789856
4.077953994274139
4.331223219633102
4.138424098491669
4.024238288402557
4.347390532493591
3.8951171934604645
3.5686521232128143
4.251327812671661
4.635251015424728
3.6655019968748093
3.864412009716034
4.414653182029724
3.97466704249382
4.508307874202728
4.8259057104587555
4.002586454153061
4.522533416748047
4.00983452796936
3.4378354996442795
4.428991079330444
3.107447624206543
4.803858548402786
4.497514069080353
3.8553327322006226
3.7816357612609863
3.928198218345642
4.301409125328064
3.5667455941438675
4.279009699821472
3.6230814456939697
3.9288555085659027
3.8228030502796173
4.094439744949341
3.7594762444496155
3.6184032261371613
3.8022051751613617
4.044376611709595
3.3273711055517197
4.208659827709198
3.8607414066791534
4.225060045719147
3.9095570147037506
3.185507282614708
3.7777695059776306
3.277912437915802
3.0496488884091377
4.237551391124725
4.161970913410187
3.436649441719055
3.4065301716327667
3.6394544690847397
4.283716976642609
3.967287838459015
4.050662815570831
3.7327636778354645
4.254922121763229
3.991926908493042
4.2705318331718445
3.3519376814365387
3.692149594426155
4.311435520648956
3.258211240172386
3.904324024915695
3.911696672439575
3.2169978320598602
3.714417517185211
3.441321924328804
3.314846158027649
4.151980131864548
4.292411506175995
3.558144271373749
3.7155309319496155
3.8642965257167816
2.9572759941220284
3.828727900981903
2.942655012011528
3.9239662885665894
3.8038045167922974
4.181471168994904
3.890703022480011
3.846329003572464
4.635374844074249
4.155577123165131
3.6399615556001663
3.9692962169647217
3.69783453643322
4.004767090082169
4.036281704902649
3.163738176226616
4.353928416967392
3.4937456250190735
3.7387751042842865
2.8412531316280365
3.407275676727295
4.23433855175972
4.5125070214271545
4.41670686006546
2.403313349932432
2.7192455902695656
3.707371950149536
3.1342171877622604
2.2615285962820053
3.137202560901642
2.8695284575223923
4.058431088924408
3.240794762969017
3.363870531320572
3.18869948387146
3.0776051431894302
3.0010487139225006
3.282923996448517
3.924659788608551
2.7434230595827103
3.306405618786812
3.8079509139060974
3.118964806199074
2.8769099712371826
3.885718584060669
3.892102688550949
3.392091542482376
4.019125699996948
3.1245771422982216
2.897600755095482
3.658987730741501
3.7642115354537964
3.7428422272205353
2.9005900397896767
3.997941166162491
3.7193435430526733
3.3651216328144073
3.2390185445547104
3.2411399483680725
2.9365472495555878
3.2123906910419464
4.111956804990768
3.7462864071130753
3.7213540077209473
3.799009323120117
3.8929954171180725
2.3865459859371185
3.3305200934410095
2.892923764884472
2.5200989935547113
3.4798161685466766
3.3625084906816483
3.053901717066765
4.182744324207306
3.818732500076294
3.7146738916635513
2.985840104520321
3.934745341539383
3.5972629487514496
3.111465498805046
3.7144889682531357
3.574587106704712
3.1501539051532745
2.6779358088970184
2.977193482220173
3.9425358176231384
3.702462762594223
3.0634430050849915
3.0868717283010483
3.0648067593574524
2.778557538986206
3.94549161195755
3.1985898315906525
3.679143711924553
3.5068289935588837
3.4833433479070663
3.566827103495598
3.9783690869808197
2.883288338780403
3.6857064068317413
3.4797536581754684
3.177741765975952
2.7984358184039593
3.3516809344291687
3.3421003818511963
3.4390976279973984
3.7113747745752335
3.693573698401451
2.754979431629181
3.5027500987052917
3.2722337543964386
2.9390697553753853
4.107576608657837
3.0162130668759346
3.817657232284546
3.3292966336011887
2.4617869639769197
2.3693070746958256
3.177563101053238
3.30926813185215
3.98606076836586
3.2149797677993774
4.164573401212692
3.9554010331630707
3.5617877542972565
3.752860873937607
3.677552342414856
2.78649415820837
2.823457047343254
3.5070036351680756
3.173397108912468
2.929769828915596
3.416217714548111
2.754516713321209
3.0623076111078262
2.689916417002678
3.4519659727811813
2.9243087396025658
3.509812504053116
3.0760396271944046
3.9866790175437927
3.765362501144409
3.7381665408611298
2.731191385537386
2.745228558778763
2.686585821211338
2.8714386001229286
3.6275197565555573
2.6730234920978546
3.357272818684578
2.758672684431076
2.751205489039421
2.876197472214699
2.57924216799438
3.45566526055336
3.3903849124908447
3.5773277282714844
3.516697585582733
3.1357982754707336
3.395640254020691
3.3328142762184143
3.314746394753456
2.6533350627869368
3.204110711812973
3.520165830850601
3.595423251390457
3.3423100411891937
3.437676355242729
3.282860517501831
2.975476160645485
3.3188802003860474
3.2825224101543427
3.5716462880373
3.323248475790024
3.683106005191803
3.6404623091220856
3.4171590954065323
2.82025970518589
3.7254615128040314
3.0067280679941177
2.779012955725193
2.646597307175398
3.9024415612220764
2.567929062061012
2.4271389935165644
3.0233313143253326
2.891080752015114
3.987874835729599
3.2805151492357254
2.9009439796209335
3.285808563232422
2.5925752706825733
3.6164110898971558
3.6129991710186005
2.741152122616768
3.2570932805538177
2.9803485423326492
3.9482292532920837
3.0384162068367004
2.933908998966217
3.293188363313675
2.58753614500165
3.2568638771772385
3.53265181183815
3.0049094557762146
3.2572590559720993
2.918388545513153
3.9632239937782288
3.0104726180434227
2.287401929497719
2.199682127684355
4.128003716468811
2.598455548286438
2.69869402050972
2.754845954477787
4.258167147636414
3.813084363937378
2.405899129807949
3.6937370896339417
2.848549261689186
3.254202827811241
4.2768944799900055
2.3462739679962397
