3.89065682888031
4.797991365194321
3.8917960226535797
3.6214128136634827
4.403726011514664
4.1378118097782135
4.0498286485672
4.573703110218048
4.9645934998989105
4.411768615245819
4.347832500934601
4.112343043088913
4.421713203191757
3.9021462202072144
3.876400887966156
3.912428915500641
4.047220945358276
4.206109941005707
4.817861914634705
4.764981120824814
4.9718353152275085
4.746738523244858
3.6518047749996185
4.932370036840439
3.5753043740987778
4.035439640283585
4.984860271215439
4.993638098239899
4.219171553850174
4.865536093711853
3.907286524772644
4.003723561763763
4.290744513273239
4.125876724720001
4.062491953372955
3.485603407025337
4.896572530269623
4.1244059801101685
4.191818535327911
3.2264944911003113
4.906346946954727
4.144386351108551
4.263335168361664
3.98876816034317
4.563631862401962
3.8556909561157227
3.380582481622696
4.937697947025299
4.000051766633987
3.8470175862312317
3.6762873828411102
4.554989039897919
3.8866081833839417
3.9705127477645874
4.912830591201782
4.841573387384415
3.40374656021595
3.8644979894161224
3.980611562728882
4.734798967838287
4.17209655046463
4.173969775438309
3.991749584674835
4.838332831859589
4.004921615123749
2.90953166782856
4.8387511074543
4.677982330322266
3.5697290301322937
4.35062512755394
3.726864233613014
3.9638885855674744
4.621066004037857
4.281920790672302
4.412262141704559
4.118729382753372
4.204757511615753
2.8465257585048676
4.148488342761993
4.617184996604919
4.815086126327515
4.518600255250931
4.898603856563568
4.742231518030167
4.900423586368561
3.9805032312870026
4.896572530269623
3.889087736606598
4.12028431892395
4.496857970952988
2.920622192323208
4.833483844995499
4.287085980176926
3.7959006428718567
4.466989636421204
3.3749093115329742
4.877839684486389
4.325149655342102
4.113583415746689
4.907910972833633
4.821973294019699
3.708520606160164
3.892257511615753
3.8261090219020844
4.653063416481018
4.280611276626587
3.810899704694748
4.575452208518982
4.430674314498901
4.450276643037796
3.8360393047332764
3.2456913590431213
4.588610231876373
3.8132256269454956
2.9801563173532486
3.8609184324741364
4.746258556842804
4.452921450138092
4.648105055093765
4.931778311729431
4.041910618543625
3.8729487359523773
4.5932623744010925
4.439655840396881
4.2155735194683075
3.0777909234166145
4.300060272216797
4.91003230214119
4.916465878486633
3.861473798751831
4.463004171848297
4.462656527757645
4.57325667142868
4.91828054189682
4.777738600969315
4.538013935089111
4.048399329185486
4.765829145908356
4.672022461891174
4.112438261508942
3.80940705537796
4.913288652896881
4.529709070920944
3.798319101333618
3.9173242449760437
3.4370315074920654
4.974647164344788
4.257852882146835
4.94426429271698
3.55430006980896
4.287085980176926
4.10681813955307
4.772336781024933
4.229957759380341
4.833446145057678
4.151815176010132
3.922010660171509
4.309053719043732
4.842673093080521
4.518052786588669
4.1484954953193665
4.391828030347824
2.7488220669329166
4.68827411532402
4.000051766633987
4.7732362151145935
4.882148504257202
4.721307456493378
2.839648462831974
4.1081684827804565
3.7413187325000763
3.9061999320983887
4.010812938213348
4.039072394371033
4.855237156152725
4.639422744512558
3.118416666984558
3.01754716783762
4.586800634860992
4.182702898979187
3.634621277451515
4.525018036365509
3.1305039674043655
4.129168391227722
4.898603856563568
4.964245855808258
4.360931813716888
2.701004184782505
4.317182898521423
4.180302619934082
3.6552736908197403
3.62470805644989
4.589398801326752
4.252995997667313
4.86685574054718
4.677596390247345
4.417167007923126
3.983755260705948
3.8828714191913605
3.8414350152015686
4.830790162086487
4.610796570777893
3.48448246717453
4.900423586368561
4.771222770214081
4.617946445941925
4.175485968589783
4.940896779298782
4.132282733917236
4.33630645275116
3.7598778307437897
3.338046669960022
4.532490670681
4.727267473936081
4.972990155220032
2.3005346581339836
4.96503621339798
3.9264224469661713
3.9056822657585144
4.807719886302948
4.584590792655945
2.3260672204196453
4.710573852062225
3.8690251111984253
4.30026650428772
4.744466990232468
4.946030080318451
4.385198950767517
4.570469558238983
3.8938675820827484
3.902132511138916
3.576013147830963
3.9194227755069733
4.938947111368179
4.89848718047142
3.2919397950172424
4.310221076011658
3.1550373882055283
4.145815968513489
4.588306546211243
3.6222678422927856
4.890272617340088
3.526748865842819
3.6652207374572754
4.552084356546402
4.594777375459671
3.5900482535362244
4.363448470830917
4.4463178515434265
4.873031675815582
4.855176955461502
4.289924502372742
3.1662707030773163
4.935825020074844
3.4005726873874664
4.830993413925171
4.080116152763367
4.67898890376091
2.9453743994235992
3.116801604628563
4.882804602384567
4.7850266098976135
3.3096257597208023
4.08197358250618
4.120394587516785
2.606484116986394
3.5001984983682632
2.789245694875717
4.72028911113739
2.700921632349491
4.919808655977249
4.962649047374725
4.6688321232795715
2.905474156141281
4.7171854972839355
3.565004989504814
4.989543259143829
3.545176535844803
3.715701848268509
3.9821022748947144
3.8556793332099915
4.000059366226196
4.010524749755859
3.461679443717003
4.94863361120224
3.1523267179727554
4.6882399916648865
4.3642668426036835
4.331109672784805
4.170030653476715
3.6870767176151276
4.327695965766907
3.98876816034317
4.30026650428772
3.857765793800354
4.709880352020264
4.007843434810638
3.806980401277542
3.2844944298267365
3.995617628097534
3.942384719848633
4.608177542686462
4.460894763469696
3.7318170070648193
4.9959781765937805
4.87513080239296
4.331082999706268
4.027897417545319
3.0200831592082977
3.988919258117676
4.409606456756592
3.813120722770691
4.813076853752136
3.642437309026718
4.9293287098407745
4.912697821855545
2.7701108530163765
2.835143059492111
4.841573387384415
3.8905906677246094
3.280562162399292
3.202257379889488
4.846822172403336
4.5882174372673035
4.824033081531525
3.468758314847946
2.974972724914551
2.7354947850108147
3.6170238256454468
4.478970170021057
4.3089233338832855
4.549932479858398
3.59585240483284
3.9353662729263306
3.217485323548317
4.3361300230026245
3.2371215522289276
4.696373790502548
3.675350621342659
3.3960644900798798
4.062491953372955
3.889087736606598
3.5074588656425476
4.438780248165131
4.94426429271698
4.8252323269844055
3.4433314204216003
3.6301279813051224
4.124673008918762
3.8634976744651794
3.4335587918758392
3.544798791408539
4.90968182682991
3.979457914829254
3.064408376812935
4.1996994614601135
4.454084485769272
3.390050083398819
4.899978935718536
3.552173748612404
4.9718353152275085
4.735230207443237
4.742984473705292
4.009450078010559
3.484247624874115
4.588240683078766
4.927745163440704
3.8547472655773163
4.891522526741028
3.771289885044098
4.550590515136719
4.574456512928009
4.767631888389587
4.350529313087463
2.7774026803672314
3.83495032787323
4.545761942863464
4.17043536901474
4.113876521587372
4.955574572086334
4.879851788282394
4.434136748313904
4.9682700634002686
4.153890907764435
3.6375217884778976
4.630401283502579
4.543050676584244
4.325856566429138
4.77857232093811
3.737024813890457
3.983755260705948
3.903505504131317
4.210746884346008
3.2231993228197098
4.8515017330646515
3.7947332859039307
4.778440594673157
3.964419662952423
4.230685234069824
2.9620303213596344
4.207101762294769
3.847130537033081
4.682682156562805
4.663367569446564
2.524968832731247
4.203939139842987
4.290744513273239
4.014056622982025
4.409606456756592
4.960528463125229
4.146479964256287
4.14962574839592
4.934711754322052
4.33960035443306
2.562180459499359
3.661617785692215
4.008397608995438
3.7415727972984314
4.334941208362579
4.692323803901672
4.17043536901474
4.887162446975708
4.349461495876312
4.556425362825394
4.966162443161011
4.9831849336624146
3.079247623682022
4.317580163478851
4.621910750865936
4.805271923542023
4.401501715183258
3.5629670321941376
3.7788814306259155
4.234291315078735
4.165720045566559
4.3642207980155945
3.802923262119293
3.9498470723629
2.496845261193812
3.6871208250522614
4.606785476207733
3.63509401679039
3.8882768154144287
4.621004909276962
4.831058531999588
2.9318320751190186
4.037071913480759
2.575400099158287
4.109379947185516
4.879851788282394
4.493774175643921
4.519484043121338
4.947103261947632
4.132186770439148
4.768545776605606
4.4448421895504
3.7748272716999054
3.0337323248386383
3.259361609816551
4.958157241344452
3.787873536348343
4.548712968826294
4.591470658779144
4.0038833022117615
4.903840124607086
4.442432671785355
3.7387683987617493
4.88023042678833
4.7793638706207275
3.1556634604930878
4.9515509605407715
3.8934963941574097
4.518960118293762
3.9026232063770294
4.629047214984894
4.101579487323761
4.411078542470932
4.6608419716358185
4.887709319591522
4.036481082439423
4.119706153869629
3.954579532146454
4.359825551509857
4.655243158340454
3.481338694691658
3.3391906321048737
3.832017183303833
3.6392511427402496
3.835808038711548
4.780610799789429
4.202958196401596
2.553074164316058
4.863269776105881
4.064549207687378
4.960528463125229
3.548266738653183
4.625920951366425
3.6322657018899918
3.923189640045166
4.491410255432129
4.155233800411224
4.265252947807312
3.354610577225685
4.712975174188614
3.877139240503311
4.632645547389984
3.9475952088832855
3.968000113964081
4.529546350240707
4.841442108154297
4.8923686146736145
2.9984285309910774
4.5636385679244995
3.8867221772670746
4.056453555822372
3.616485074162483
4.995889961719513
3.6400631815195084
4.8091816902160645
4.460894763469696
4.342006146907806
4.753333330154419
4.248761832714081
4.660039842128754
4.16636660695076
3.635614514350891
4.610612243413925
4.847007989883423
4.952869117259979
3.901318907737732
3.830539584159851
3.8950087130069733
4.6964821219444275
4.795312285423279
4.068496227264404
4.835212826728821
4.445500671863556
4.9959781765937805
3.7067392468452454
4.820113778114319
4.124238193035126
3.882623314857483
3.916729688644409
4.993725270032883
4.970667660236359
4.838675111532211
2.7770451083779335
4.072131812572479
4.413235634565353
4.396773278713226
3.679121434688568
4.0450893342494965
4.27807942032814
3.9144498109817505
4.961732923984528
3.4474308788776398
4.000206738710403
4.664184898138046
2.9267318174242973
4.892665445804596
3.3482282608747482
3.656192198395729
3.0781957507133484
3.8729487359523773
3.8404056429862976
3.2001448422670364
3.2001355290412903
4.121543318033218
3.7993216514587402
3.641458749771118
4.16636660695076
3.5171470046043396
4.0509432554244995
4.832286834716797
4.624195992946625
3.0427228659391403
4.699843227863312
3.9173242449760437
3.7929585576057434
4.567558914422989
4.938971251249313
3.4826143831014633
4.9645934998989105
3.3220015466213226
4.874598681926727
4.131072014570236
3.1850138306617737
4.000059366226196
4.035439640283585
4.9573588371276855
4.68827411532402
4.441699236631393
4.5001232624053955
3.2231882214546204
4.133495390415192
4.9807628989219666
4.4463178515434265
4.181496202945709
4.935545027256012
4.537084996700287
3.5087843239307404
4.548712968826294
2.9935751855373383
3.912166655063629
4.665674716234207
3.3568784594535828
4.940115362405777
4.525018036365509
4.148209989070892
3.1126735359430313
4.466950297355652
4.2779675126075745
4.770411103963852
4.146454632282257
3.6184602230787277
4.150819778442383
3.827221989631653
4.68645766377449
4.985508322715759
4.3138691782951355
3.675633817911148
4.620039165019989
4.431024193763733
3.877866119146347
3.784716874361038
3.1310606747865677
4.121543318033218
2.648199498653412
3.827786296606064
3.776957541704178
3.7415727972984314
3.8634400069713593
4.387825131416321
3.474067449569702
4.7967758774757385
4.389856159687042
4.346609562635422
2.867981232702732
4.535059928894043
4.23414871096611
4.4182288646698
3.862186372280121
3.1446275115013123
4.122004061937332
3.814011812210083
4.001692533493042
3.9105018973350525
4.80780765414238
4.906576424837112
4.79134738445282
2.790202610194683
4.255119562149048
3.391047790646553
4.589398801326752
3.9079751074314117
4.749544262886047
3.5050777345895767
3.9046484231948853
4.869717955589294
2.5442621763795614
3.848619759082794
4.063389301300049
3.915019780397415
4.7097451984882355
2.901672348380089
4.150819778442383
3.6086800694465637
4.094201922416687
4.574616849422455
4.473676681518555
3.11443492770195
4.331109672784805
3.9105206727981567
4.654864072799683
4.155370742082596
4.222608357667923
4.226975440979004
4.617857187986374
2.639350751414895
3.4113234281539917
3.9021462202072144
4.682682156562805
4.4448421895504
4.389361888170242
4.229432642459869
4.614805281162262
4.900729209184647
4.8302192986011505
4.120394587516785
4.821974337100983
4.962649047374725
3.2904102653265
2.9866625741124153
4.8810775578022
4.074127227067947
4.072564393281937
4.325868785381317
4.793386459350586
4.966162443161011
4.015227109193802
4.940896779298782
4.558626264333725
3.7527722120285034
3.1039531156420708
4.246759116649628
4.488597512245178
4.970062673091888
4.919116795063019
4.534599334001541
4.015227109193802
4.960297495126724
4.166273921728134
4.911272972822189
4.497029185295105
4.958195239305496
4.3399083614349365
4.2522116005420685
4.519484043121338
4.865754544734955
3.566642105579376
4.0300703048706055
4.0794262290000916
4.558131098747253
4.7938114404678345
4.217292368412018
4.496857970952988
4.629412889480591
3.4263183921575546
4.345642328262329
4.916487336158752
3.44943568110466
4.502305388450623
3.380964696407318
4.322771430015564
3.080267198383808
4.551461040973663
4.481408894062042
3.7761205434799194
4.007843434810638
2.7803960628807545
4.824798405170441
3.7787804007530212
4.7579216957092285
3.6928756535053253
2.8263474255800247
2.783080879598856
2.868066281080246
3.2964391261339188
3.9165672659873962
2.9565856605768204
3.1299279630184174
4.864480197429657
3.961874842643738
4.626944363117218
3.9469753205776215
4.832286834716797
2.9471446573734283
4.860811531543732
4.801771938800812
4.856593161821365
3.6728540807962418
3.8097532093524933
3.7317021191120148
4.450482577085495
4.5299264788627625
3.825697749853134
4.9415335059165955
4.260937124490738
4.217292368412018
4.969215989112854
4.211785793304443
3.9726130664348602
2.583687035366893
3.997262418270111
3.993799388408661
4.977350533008575
4.972210228443146
3.5249313712120056
3.835064321756363
3.9604443311691284
4.787009656429291
4.813445806503296
4.089771807193756
4.937729239463806
4.467429667711258
4.786652624607086
4.931778311729431
4.654864072799683
4.588240683078766
3.100937381386757
4.527636170387268
4.163728505373001
4.882168173789978
3.931017518043518
3.3704951405525208
3.8386820256710052
3.6794620752334595
4.2003196477890015
3.0056025832891464
4.881625324487686
3.3947299420833588
3.5350466519594193
4.415743798017502
4.90968182682991
3.1571558117866516
3.8298457860946655
3.637326881289482
4.012713581323624
4.5299264788627625
4.320720881223679
3.9305049180984497
4.260294139385223
3.0508901551365852
4.96877908706665
4.844944775104523
3.812090754508972
4.831058531999588
4.1583603620529175
3.8242755830287933
4.7834329307079315
4.556425362825394
3.512684851884842
3.491283804178238
3.24906125664711
3.044736459851265
4.817861914634705
4.795312285423279
3.9569011330604553
3.786604106426239
3.956102728843689
4.080331325531006
4.3757495284080505
3.8256078958511353
4.215172082185745
3.712286427617073
4.067849218845367
4.331804811954498
3.21604423224926
4.331033229827881
4.948256015777588
4.597541987895966
3.9312350749969482
3.8104766607284546
4.600972682237625
3.19482758641243
4.91790384054184
4.1053226590156555
4.339906275272369
4.427756518125534
4.044833481311798
3.502163589000702
4.080672860145569
3.6561764776706696
3.8800981640815735
4.018493741750717
4.442432671785355
4.163907170295715
3.100862428545952
2.81961590051651
4.8250289261341095
3.9469753205776215
3.158070221543312
4.755047112703323
4.226975440979004
4.9432602524757385
2.884039357304573
3.7183456122875214
2.70878653973341
4.404228329658508
4.302683025598526
3.9313071966171265
2.6802571676671505
3.6525242030620575
4.4816818833351135
4.017926007509232
3.819553256034851
4.339643716812134
3.367786630988121
4.4972071051597595
4.967791736125946
4.3854886293411255
4.238144010305405
2.973880246281624
4.3383631110191345
3.69116447865963
4.901754856109619
2.9445067793130875
4.341085255146027
3.7598079442977905
4.888387769460678
4.479087144136429
3.3879144489765167
4.851558208465576
4.230548143386841
4.631110280752182
3.7899987399578094
4.006032645702362
3.6029623448848724
4.519326984882355
3.941695988178253
4.844053387641907
3.8924047350883484
4.873031675815582
4.851347357034683
4.000844657421112
4.254763424396515
3.9581987261772156
3.7618079781532288
4.708139598369598
4.324579834938049
2.8950072824954987
3.742140382528305
3.8132256269454956
2.486314526759088
4.009450078010559
4.312814772129059
3.942979723215103
3.6740826815366745
4.812594652175903
4.767295718193054
4.406541287899017
3.8182517886161804
3.8576872646808624
4.882804602384567
2.7088732458651066
3.959532082080841
4.7973281145095825
3.5978390276432037
4.535059928894043
4.259320050477982
3.2420047372579575
4.888387769460678
3.3356723189353943
4.331603050231934
4.33630645275116
4.672022461891174
4.634813964366913
2.804000899195671
4.39929723739624
4.030100107192993
3.7258754670619965
4.496739059686661
3.754277676343918
4.03528094291687
4.442743360996246
4.851519465446472
4.551883935928345
4.566683769226074
3.2074612379074097
3.606768250465393
4.032743275165558
4.909943789243698
3.850904703140259
2.970864549279213
4.857896864414215
4.91790384054184
4.96503621339798
4.034530222415924
4.579395353794098
4.059386849403381
4.23414871096611
4.947103261947632
2.7236327715218067
3.5150332003831863
4.8018863797187805
4.072375446557999
3.9230933785438538
4.0529195964336395
4.1378118097782135
2.593607669696212
4.629412889480591
4.09428209066391
4.911768138408661
3.9201197028160095
3.044763058423996
4.830271899700165
4.6053217351436615
4.946927577257156
4.005451500415802
3.671708405017853
4.310360252857208
2.77223601937294
4.371659308671951
4.398845732212067
4.753333330154419
4.781357645988464
3.8881269097328186
4.11981925368309
4.32784229516983
3.2530704140663147
2.7145564556121826
3.8906675577163696
4.801771938800812
4.913667440414429
4.001692533493042
3.929574340581894
4.897161573171616
3.133711814880371
3.958491235971451
4.315101206302643
3.325706273317337
3.909338414669037
3.4135934710502625
3.526748865842819
3.9704422652721405
3.1055451929569244
3.6383123695850372
3.7045960128307343
4.2364391684532166
3.8188835978507996
3.355761766433716
3.10778196901083
4.471010267734528
4.269722104072571
3.7296678125858307
3.7862128019332886
4.894208610057831
4.901754856109619
3.7808063626289368
3.8302025198936462
4.864701479673386
4.879851788282394
3.5558971017599106
4.844000488519669
4.331082999706268
4.632568359375
3.0309222638607025
4.136631935834885
3.13755065202713
4.805057048797607
4.231285750865936
4.9492838978767395
3.195476457476616
3.7257181107997894
4.084288477897644
3.6552736908197403
4.5271870493888855
4.534599334001541
4.055433869361877
3.2001448422670364
4.319946616888046
3.682107925415039
4.141925275325775
4.993841350078583
4.296630322933197
4.227628409862518
4.734798967838287
3.9466065168380737
3.867383301258087
4.0089306235313416
4.118392169475555
3.9726130664348602
4.043648391962051
2.739536575973034
4.129168391227722
4.026960134506226
3.47419373691082
3.024003729224205
4.361613094806671
4.0413035452365875
4.979107677936554
4.490752816200256
3.3096257597208023
3.613116294145584
4.157515317201614
2.8710664808750153
4.854530394077301
3.661617785692215
3.962927460670471
4.5824626088142395
4.432538002729416
3.6251650005578995
3.895566910505295
3.3457939326763153
3.8748177886009216
4.026960134506226
3.68524931371212
3.519091084599495
4.767295718193054
4.003761112689972
3.9864537119865417
3.140690326690674
4.900181591510773
3.234691768884659
3.8893061876296997
4.360832720994949
4.300060272216797
4.281281232833862
4.911272972822189
4.3067604303359985
3.845621645450592
3.311735913157463
4.091761261224747
2.904503718018532
3.911173641681671
4.5636385679244995
3.71806800365448
4.029289782047272
4.8515017330646515
3.8816803693771362
3.9273950457572937
3.788079619407654
3.44912052154541
4.32154968380928
4.1171786189079285
4.639422744512558
3.942979723215103
3.8213348388671875
4.816672205924988
4.967791736125946
4.427756518125534
4.909943789243698
4.778440594673157
3.047659918665886
4.657807946205139
3.9514172077178955
4.84767884016037
4.475966393947601
4.107227474451065
3.955655097961426
3.9165672659873962
3.9332354068756104
4.75805401802063
3.2183335721492767
3.3415229618549347
3.835892677307129
2.9853149875998497
4.8091816902160645
4.237143397331238
4.744466990232468
3.8193005323410034
3.6021986603736877
3.9701126515865326
3.824509382247925
3.8907156884670258
4.709880352020264
3.7175044417381287
3.1849305331707
3.7430810928344727
3.742004930973053
2.9055841267108917
4.788623154163361
3.744845688343048
4.820113778114319
3.9703568816184998
3.9687179028987885
4.003761112689972
4.23816591501236
4.260294139385223
4.995889961719513
3.126482516527176
4.912830591201782
3.8238418102264404
4.080331325531006
4.430050551891327
4.000844657421112
4.431024193763733
4.664184898138046
3.964419662952423
3.0597399175167084
2.6843201369047165
3.9638885855674744
4.35209721326828
4.84711229801178
3.2601092010736465
3.227149248123169
4.035483300685883
4.345642328262329
3.9017254114151
3.8061121106147766
2.698453962802887
3.939535617828369
4.204757511615753
4.425401538610458
4.728289246559143
4.525018036365509
3.898165673017502
4.977350533008575
4.579395353794098
4.958195239305496
3.408897742629051
3.9576171338558197
4.28481251001358
3.747986853122711
3.2169318199157715
4.397868514060974
4.961732923984528
3.9609363675117493
4.293822348117828
3.958491235971451
4.252113997936249
3.773060441017151
4.657807946205139
4.722414910793304
3.04968923330307
3.673042058944702
3.858160376548767
4.010812938213348
3.907148241996765
3.748145252466202
4.200868308544159
3.0499080568552017
3.650415390729904
4.603417664766312
3.9604443311691284
4.257561564445496
3.1460006535053253
3.747986853122711
4.972210228443146
4.111248850822449
4.04067724943161
4.372925907373428
2.871919646859169
3.9930695295333862
4.940115362405777
4.103612303733826
3.0483779311180115
3.020009696483612
3.7239933013916016
4.355296492576599
4.517642110586166
4.345610737800598
4.4403064250946045
3.7294231355190277
3.397022932767868
3.682107925415039
3.9569011330604553
4.044833481311798
4.527277648448944
4.363448470830917
4.844053387641907
3.375028073787689
3.7011725455522537
3.1540855765342712
4.970667660236359
4.391949623823166
4.630401283502579
3.766283690929413
3.580380082130432
4.351685643196106
3.23094442486763
3.790756016969681
3.049696758389473
4.813076853752136
3.7734198570251465
3.968000113964081
4.101579487323761
2.729286663234234
3.7556593120098114
3.059234768152237
4.093474298715591
3.0405746027827263
4.617946445941925
4.122004061937332
3.296925127506256
3.9942269027233124
4.17299211025238
3.229415938258171
3.4089285135269165
4.257561564445496
4.9432602524757385
4.624768793582916
3.915019780397415
4.138364493846893
3.193318396806717
4.2414674162864685
4.728289246559143
4.426846504211426
3.123069331049919
4.552398771047592
3.7434320151805878
