2.7022224105894566
3.211829662322998
3.142261356115341
2.9961130023002625
4.369987845420837
2.785317897796631
2.958959676325321
3.1192290782928467
4.661525338888168
3.0148327350616455
3.0951442569494247
3.250000700354576
4.569239616394043
3.8851186633110046
4.357631802558899
4.49835330247879
2.709060814231634
3.5122647881507874
3.4262025356292725
3.124348819255829
4.759305864572525
3.580404743552208
3.646535873413086
4.586436897516251
2.5524805253371596
2.6018552109599113
4.419676214456558
3.8835594058036804
2.7542193979024887
3.7071652710437775
3.2204316556453705
3.153681308031082
3.133692443370819
3.4282341599464417
3.261270895600319
3.0760133266448975
3.6570286750793457
3.8759535551071167
4.444307386875153
3.005397766828537
3.606381416320801
2.9442498832941055
2.950443960726261
3.20606991648674
3.6665310710668564
3.013415113091469
2.9080839455127716
4.765702188014984
3.888528347015381
3.31914983689785
3.419466018676758
3.4494872391223907
2.66410144045949
3.578900620341301
3.8800430297851562
2.996751070022583
3.3459708094596863
3.3397231996059418
3.1985054910182953
4.006241261959076
3.7647512555122375
4.482978284358978
3.1616640836000443
2.925877645611763
3.43498557806015
2.9382026940584183
4.462510049343109
4.518299996852875
3.032674826681614
3.7638795375823975
3.937687873840332
2.895185351371765
2.8753485530614853
3.1092707812786102
3.330671042203903
3.0930110439658165
3.5450753569602966
2.9224813729524612
3.092612437903881
3.207353726029396
3.290567994117737
3.573407828807831
3.1192074343562126
4.8827700316905975
3.071838542819023
3.1610431522130966
2.7993475645780563
3.6106355488300323
4.558874666690826
3.4372828900814056
2.810056172311306
2.790161110460758
3.3813489973545074
2.728148400783539
2.830536440014839
3.040921166539192
3.1291289627552032
2.9022588953375816
2.7209967002272606
3.1984101235866547
3.86703759431839
4.314582049846649
3.5728290677070618
2.7687202766537666
3.1303081661462784
2.6010032929480076
4.222302138805389
4.796966910362244
3.286350592970848
3.806699812412262
3.1130757182836533
3.498271331191063
3.0469490587711334
3.019653558731079
3.6133623123168945
3.2145021855831146
4.086101800203323
2.90643073618412
3.040240667760372
2.542941914871335
4.012357294559479
3.77498596906662
2.7401036582887173
3.525949791073799
3.256170153617859
3.6506667733192444
3.6544054746627808
3.0242276191711426
2.91233129799366
2.6931647583842278
3.7000228464603424
3.0170968919992447
2.9402216523885727
3.1034857779741287
4.094833880662918
3.0285242199897766
4.8862892389297485
4.275876879692078
2.9720058664679527
3.659704700112343
2.9554684460163116
4.227989912033081
4.841344356536865
4.7737497091293335
4.239206910133362
3.5485801845788956
3.113562762737274
3.0144042521715164
3.2979772239923477
3.883141279220581
3.6162181198596954
2.6739057153463364
4.617105275392532
3.137361779808998
3.131343349814415
4.360921084880829
2.882053330540657
2.8408482670783997
3.239445611834526
2.9360122233629227
3.6083561927080154
3.6172882467508316
3.0807796865701675
3.208170086145401
3.1399908661842346
3.074224255979061
3.0328506231307983
3.112618923187256
3.181709498167038
3.2455644011497498
3.1808319687843323
3.299364820122719
3.027443587779999
3.145458847284317
3.394055888056755
4.907709211111069
2.9533739760518074
3.2623018324375153
4.399932473897934
4.396713972091675
4.172007739543915
2.437977036461234
2.860616445541382
2.985481657087803
3.181205838918686
2.6043211296200752
3.421376496553421
2.9263177514076233
2.804812341928482
3.389241397380829
4.35235321521759
2.9398923367261887
2.69642760977149
3.2300840318202972
2.8295906260609627
4.3237122893333435
3.3210773020982742
3.241472691297531
3.0609488114714622
3.959587514400482
3.882179707288742
4.417653977870941
4.153385907411575
2.8353361040353775
2.5401936564594507
3.6180302500724792
4.709114283323288
3.271723911166191
2.8859423846006393
4.256831407546997
4.195177853107452
3.1565331667661667
3.5306988656520844
2.6698673143982887
2.67097445204854
2.947952225804329
3.2031793892383575
2.930985651910305
3.345222920179367
2.8173185512423515
3.147115781903267
3.76568540930748
3.598558232188225
4.536426365375519
4.402716755867004
2.544328710064292
2.8986821323633194
2.9478729888796806
3.309015780687332
3.235064521431923
3.422057330608368
3.1979110091924667
4.56365168094635
2.9710404574871063
3.1972935050725937
3.1290754675865173
3.8306760787963867
2.937588207423687
3.034306801855564
3.338601291179657
4.776788055896759
4.348616451025009
3.4757108241319656
3.966151773929596
2.5262536481022835
3.2524940371513367
3.5316044092178345
3.5514219105243683
2.936570569872856
4.7877925634384155
3.0574990063905716
2.682365197688341
2.7627730928361416
2.886762171983719
2.802390716969967
3.628782257437706
3.118085488677025
4.217120110988617
4.1431984305381775
2.6372602954506874
3.177221268415451
4.136881530284882
3.3305323868989944
3.9300718903541565
2.6419654488563538
2.781027629971504
3.180326074361801
3.570386916399002
2.6399323903024197
4.019022285938263
2.648328710347414
3.4103240817785263
4.848886281251907
3.2290859520435333
3.2130345702171326
2.820703536272049
3.411048501729965
2.8556987643241882
3.2585865259170532
4.313373565673828
3.4577568620443344
2.8225956484675407
2.6397899724543095
4.112551659345627
2.919769696891308
3.0506382882595062
3.318541944026947
2.9299787059426308
2.7661651745438576
3.2347069680690765
3.6459752172231674
4.222371280193329
4.2532967031002045
3.0805089697241783
3.4030911326408386
2.9525482654571533
3.03352952003479
3.294246345758438
2.7386681735515594
3.192247599363327
3.510376960039139
4.672641754150391
2.586407335475087
2.99182441085577
2.5691782031208277
4.656718373298645
3.0592187494039536
2.7944250218570232
2.6375186443328857
4.917682409286499
3.7319067865610123
3.5585352778434753
2.790883891284466
4.639208018779755
3.0181003361940384
2.8774020075798035
3.018033280968666
2.8350627422332764
3.3970455825328827
3.2883986085653305
2.9145466536283493
2.9059237986803055
2.534273387864232
3.4945033490657806
3.395830988883972
2.995515987277031
3.6258748173713684
3.450923040509224
2.8489771485328674
3.036152571439743
3.000893034040928
2.8453197330236435
3.412148207426071
3.379230499267578
3.8265982270240784
3.9900191128253937
3.00101101398468
2.9699769243597984
4.083506315946579
4.405826181173325
3.6938704550266266
2.9558755457401276
3.3371657133102417
2.954344041645527
3.9826545119285583
2.81001353636384
3.0469807982444763
2.9982146620750427
2.9378778859972954
3.234550878405571
2.8988882899284363
3.5065090656280518
3.9777374267578125
2.692616805434227
3.555038720369339
2.8557877987623215
3.1704161316156387
2.4458963330835104
3.05550254881382
3.705110624432564
3.3791257441043854
4.04393807053566
2.9738877713680267
2.9086796566843987
2.8585733100771904
2.9054638743400574
2.8188495337963104
3.2613874971866608
3.085629530251026
3.4550076723098755
4.144454598426819
2.556721563450992
3.0040565878152847
2.6650814712047577
3.637530878186226
3.3274147659540176
4.501627832651138
3.161538392305374
3.3693061769008636
2.9954974353313446
3.1286873668432236
3.9894764125347137
3.3747299015522003
3.270476534962654
3.242443799972534
4.775231033563614
2.842698395252228
3.0729784816503525
3.274535834789276
3.1203505024313927
2.6400452852249146
3.0331674218177795
3.174414038658142
3.474246859550476
2.981581650674343
2.627908792346716
4.793741405010223
3.564053550362587
2.6299263909459114
4.799021482467651
3.466781824827194
3.000151962041855
3.3666539192199707
2.5648576533421874
4.166673421859741
3.056192770600319
3.607071042060852
3.1888583302497864
2.6056247763335705
2.741088606417179
4.0169209241867065
3.2673299312591553
3.0378004908561707
2.65097145922482
4.6359264850616455
4.095132350921631
2.8272756189107895
4.3557000160217285
3.4395287930965424
2.9105152934789658
2.5975715927779675
4.661151766777039
3.6592359840869904
2.9509448632597923
3.6675697565078735
2.8819502145051956
3.417751267552376
3.2935555279254913
3.1093300879001617
3.03784042596817
3.2040905952453613
3.5765598714351654
4.6413180232048035
3.2696447521448135
3.0985836312174797
2.742353305220604
3.70989128947258
3.582562506198883
2.6495615858584642
3.361785113811493
3.47452312707901
4.741606116294861
3.1940462440252304
3.3332327753305435
2.985892742872238
3.8544395565986633
3.401198238134384
3.8254812359809875
3.0605224519968033
2.706118170171976
3.4333335608243942
3.182387948036194
3.2758641988039017
2.696079146116972
2.9669740796089172
2.7019167505204678
3.0048686265945435
2.5459190038964152
2.762161698192358
3.789318799972534
3.31949919462204
2.839145213365555
3.2281874120235443
2.7462312392890453
2.737583965063095
4.030835926532745
2.9628094285726547
4.08344030380249
3.733276277780533
2.6088085025548935
2.991831786930561
3.4587362408638
3.796771764755249
3.521168604493141
3.206576853990555
4.433058649301529
3.0080699920654297
3.5079804062843323
2.691302876919508
3.0274029076099396
2.7825970202684402
3.09540469199419
3.2322874665260315
2.98456609249115
2.6112582813948393
3.0933288112282753
2.744779959321022
2.498320695012808
2.911890111863613
3.667588010430336
3.9323392510414124
4.669704884290695
2.857050448656082
3.242350220680237
4.418017566204071
3.5561054944992065
4.614792019128799
2.7990855649113655
3.8345101475715637
3.4652388095855713
2.904411479830742
3.6187420785427094
2.6268220879137516
3.3826979249715805
3.0432280525565147
4.936147183179855
3.3532995730638504
4.011928141117096
3.4587570279836655
3.027397431433201
3.129623234272003
4.4617994129657745
2.949552871286869
2.757399044930935
4.018377214670181
3.503023087978363
3.309328109025955
3.5310371220111847
2.780489530414343
3.152824565768242
2.80508304014802
3.3983655273914337
2.724619973450899
3.0647244304418564
3.240063041448593
3.4327928721904755
3.642401248216629
3.749866485595703
3.3246105909347534
2.883763387799263
3.394540324807167
3.3926263451576233
2.9948144778609276
3.733222782611847
2.9304563999176025
2.89204865694046
4.3055132031440735
2.6023557037115097
2.9981838911771774
3.0872852355241776
3.141079694032669
3.1109757721424103
3.639260083436966
3.76782089471817
2.998593747615814
3.0308522284030914
3.145306557416916
3.3045564591884613
3.5789264738559723
4.195218980312347
3.7790600955486298
3.9851249754428864
3.6520200967788696
2.7637845277786255
3.606438636779785
2.89885301142931
4.474980533123016
2.916293255984783
2.8239836916327477
3.100227378308773
3.046288639307022
2.962021268904209
2.4597125966101885
3.641377091407776
3.610915318131447
2.720784917473793
3.939402848482132
3.6111867427825928
3.4928981214761734
3.604298233985901
4.744485020637512
4.59802508354187
2.741522639989853
2.719754669815302
2.7729860320687294
2.872629165649414
3.0527254566550255
3.280586749315262
3.115556910634041
3.4155214577913284
2.8695781901478767
4.5787666738033295
3.3753492683172226
2.896011769771576
3.5209330916404724
3.206304907798767
2.8751398622989655
3.2236599922180176
3.045312687754631
3.351854830980301
3.0227989703416824
4.301601052284241
3.1428151577711105
4.155673384666443
3.0290718376636505
3.131251186132431
3.3749622851610184
3.959648460149765
2.762458696961403
3.037298433482647
3.5247977823019028
3.5277238488197327
3.0102193355560303
4.444691240787506
3.036348894238472
2.869870439171791
2.665115986019373
3.396162986755371
3.6179157346487045
3.6047467589378357
3.6777734011411667
3.4531036019325256
2.7510842494666576
3.4077435731887817
2.987223342061043
4.35043141245842
4.651793539524078
4.550107717514038
2.6018280163407326
3.514309823513031
2.880406379699707
3.3622153848409653
4.352970570325851
3.4972772002220154
3.3387573808431625
3.761770576238632
2.9527029395103455
3.189411610364914
2.9582878574728966
3.4873539209365845
3.30000638961792
2.9976750165224075
4.55012172460556
3.580469787120819
3.330363631248474
3.175862431526184
3.072449266910553
3.5675206035375595
3.9568057656288147
4.258888065814972
2.6215643994510174
2.842272035777569
4.646210074424744
3.1048209965229034
2.7310900762677193
3.387278914451599
3.564935401082039
3.4237077832221985
2.927788197994232
2.86724291741848
3.713245317339897
2.64039502479136
4.4522786140441895
3.2954905927181244
3.5339361429214478
2.6759494841098785
2.9601799324154854
3.0330023914575577
3.659551292657852
3.6967306584119797
3.577057495713234
2.8327687829732895
4.310708791017532
3.8130703568458557
3.1990904361009598
3.155522793531418
3.9096075296401978
2.563328081741929
3.8548070192337036
4.198881089687347
2.6870465092360973
3.4654277563095093
3.780542016029358
2.728661634027958
3.380419909954071
4.40081000328064
3.2604049146175385
4.022702276706696
2.8349479660391808
3.1255631148815155
2.9105383902788162
2.8541572391986847
3.4881557524204254
3.49130779504776
3.4779009968042374
2.7686046063899994
3.990464210510254
3.3324798941612244
3.151460289955139
2.975473068654537
3.0098212882876396
3.308272659778595
2.877691835165024
3.1407781690359116
4.387120306491852
3.337520882487297
2.7884486317634583
2.8087165392935276
3.1975294649600983
4.3967679142951965
3.256380632519722
3.3389905095100403
2.9100875556468964
4.305931180715561
2.7811288833618164
3.692716509103775
3.03352952003479
3.2767650485038757
3.083775043487549
3.179563581943512
2.6138787530362606
3.196418583393097
3.7474262714385986
3.872271180152893
3.45258966088295
2.7832416631281376
2.8934528678655624
3.06580550968647
3.383951410651207
3.257278874516487
3.114399090409279
2.7392714470624924
3.0266859382390976
3.5965994745492935
3.0370641127228737
2.496826909482479
2.9834910854697227
3.1575579941272736
2.9958951845765114
3.0309485644102097
3.1254544109106064
4.7418224811553955
2.41473694331944
4.762638360261917
2.9594191163778305
2.415299881249666
3.348449468612671
3.65649551153183
2.5190270564053208
3.63918274641037
3.338506370782852
2.4769961507990956
4.437314867973328
4.716381728649139
3.004017546772957
4.150501638650894
3.508148491382599
3.270260989665985
2.936346046626568
3.012734018266201
4.082943797111511
3.0273451656103134
3.628958761692047
3.1242337077856064
3.5380425304174423
2.757299616932869
3.1109752133488655
3.304458111524582
3.5009802877902985
3.1852269917726517
2.903912737965584
4.519123136997223
2.827698588371277
3.873860239982605
2.8646481782197952
4.534459710121155
3.4086336195468903
2.830979637801647
2.865845412015915
4.6416936814785
3.1500954926013947
4.863557368516922
2.509645102545619
4.425335079431534
2.6059288904070854
2.604888789355755
3.206014633178711
3.32563653588295
3.932391256093979
4.404297918081284
3.30525241792202
3.1852084398269653
3.3279286324977875
3.392946794629097
4.612718969583511
3.0646486580371857
4.2156195640563965
4.521857798099518
2.98444427549839
2.7864412777125835
3.6812659353017807
2.842281758785248
2.804963029921055
3.1738971173763275
2.991872616112232
2.2782665491104126
2.761553656309843
4.490622878074646
2.97640074044466
2.80461672693491
3.097379319369793
3.0224519595503807
2.8861258178949356
3.2242337614297867
2.7304674685001373
3.8842524588108063
3.518792688846588
3.5787001252174377
2.945549041032791
2.882617637515068
3.3475087583065033
2.8488314896821976
2.527416246011853
3.1159964203834534
2.894369438290596
3.2940347492694855
2.832716554403305
2.9254985600709915
3.2238201797008514
3.634977266192436
3.6565332114696503
2.8553513810038567
3.4245485067367554
4.032383561134338
4.565492868423462
3.009025491774082
4.5143623650074005
3.307589739561081
3.7852266430854797
4.287521988153458
2.682215850800276
3.251347541809082
2.76043139398098
3.4611840546131134
4.735459536314011
2.9192671552300453
2.737439088523388
3.599506914615631
2.645187797024846
4.128776043653488
3.7578031420707703
2.981865182518959
3.243148624897003
2.931705042719841
4.434055685997009
3.3892277628183365
3.4512867778539658
3.287220150232315
3.995724767446518
4.339542090892792
2.435741564258933
3.000725172460079
2.7633284591138363
4.4865237176418304
3.0739443749189377
3.2064571231603622
2.878304496407509
2.857028767466545
3.0388695374131203
2.721472904086113
4.121704548597336
3.3818772435188293
4.46353018283844
4.643210470676422
3.1978318840265274
3.1975537538528442
3.5808881372213364
3.0076994001865387
3.6109890043735504
4.4481161236763
3.339378237724304
3.287283033132553
4.1951145231723785
3.845730870962143
3.003884069621563
2.6117106713354588
3.1775669008493423
3.0900947749614716
2.630387144163251
2.9649869352579117
3.0276765674352646
3.7867574393749237
3.7503841519355774
2.800715956836939
4.525642693042755
3.0420824140310287
3.617083877325058
3.2047314196825027
3.2535578310489655
4.536620378494263
3.130350336432457
3.5593320429325104
4.5544955134391785
4.037308394908905
3.2728733867406845
4.646711647510529
3.8092531263828278
2.6879695802927017
3.25933113694191
3.0219872668385506
2.7532116137444973
4.0720754861831665
4.569926708936691
2.972433716058731
3.9712435007095337
3.903464376926422
4.5449040830135345
2.9996568709611893
3.242438957095146
2.957393378019333
3.067856654524803
4.087719023227692
2.580191921442747
2.788538746535778
3.072808012366295
3.786051422357559
3.339162990450859
3.950086832046509
3.0973049998283386
2.6586782932281494
3.5995465517044067
4.9097225069999695
2.597086690366268
3.4190234541893005
2.94888935983181
3.60784150660038
3.359473943710327
2.906351387500763
3.048684485256672
2.983454167842865
3.4500278532505035
3.2734300196170807
2.742374837398529
4.9685779213905334
3.439098596572876
3.195081874728203
4.199061691761017
3.453134447336197
2.9587675258517265
3.455924168229103
4.699583500623703
2.7172911167144775
3.130694627761841
3.447532206773758
3.5327737033367157
3.304535076022148
4.081438481807709
2.6949866488575935
3.7322014570236206
2.8577568754553795
3.4013041853904724
3.0266835540533066
3.0108821392059326
3.256380632519722
2.8983180969953537
3.486764505505562
3.335857093334198
3.175874575972557
2.6375586073845625
2.7871595695614815
4.281412661075592
3.5647253692150116
2.9092369228601456
2.6322620175778866
3.9568057656288147
3.2676155865192413
4.41027969121933
3.399425595998764
2.5124881719239056
3.326020985841751
3.906126618385315
3.3222894370555878
3.35813969373703
3.127638101577759
2.892601899802685
2.953949421644211
3.4558485448360443
2.6752058044075966
2.8098611161112785
2.65390669927001
3.1009093299508095
4.424145072698593
3.7484773248434067
3.7589657306671143
3.7045887112617493
4.141817688941956
3.153073638677597
3.47041092813015
3.5280197858810425
2.717215232551098
3.6287325620651245
3.0788565427064896
3.314988762140274
2.5990173034369946
3.203054964542389
3.3740486949682236
4.237395524978638
3.4751656651496887
2.9656462371349335
3.1195590645074844
2.7805793285369873
3.1508906185626984
2.523164884187281
2.962023876607418
3.4981025755405426
4.364851713180542
2.7663481794297695
2.6338775269687176
3.314558044075966
3.131316527724266
2.785908095538616
3.006879650056362
2.8414351865649223
4.694639146327972
4.96269628405571
2.967710644006729
3.1049077585339546
3.020053580403328
3.6630500853061676
2.8144855052232742
2.981325052678585
3.4477023780345917
3.5585917532444
3.4971146285533905
3.4782786667346954
2.852756679058075
2.6780396327376366
2.9707246273756027
3.348333388566971
3.0563533306121826
3.1067419052124023
2.596200592815876
2.9151859879493713
4.243754893541336
3.29776868224144
3.0161601677536964
2.820769175887108
3.101956434547901
3.165884017944336
3.2752109318971634
4.000328183174133
3.0246271938085556
4.400734901428223
2.764659561216831
2.9988646507263184
3.132554292678833
3.0965548008680344
3.0573682487010956
3.686196580529213
3.294374793767929
3.4027158468961716
2.70072128623724
4.430774748325348
3.5919588804244995
2.9429639875888824
3.073066398501396
3.3071476221084595
3.2292045652866364
3.7145397067070007
2.619804348796606
3.387691080570221
2.950376868247986
4.33298796415329
3.1725792586803436
3.265238329768181
4.26951676607132
3.680790960788727
4.026744216680527
2.914414405822754
3.3023881912231445
4.289531707763672
3.5255105793476105
3.7153473496437073
3.2774340361356735
3.978685140609741
2.8527528792619705
2.766120471060276
4.459106028079987
3.502940535545349
3.1148382276296616
4.392794817686081
2.850048691034317
2.888961434364319
2.8104169107973576
3.317244052886963
3.1048209965229034
2.9128414392471313
3.779786080121994
2.563748969696462
3.0096736550331116
2.7418383955955505
4.013452976942062
4.0570323169231415
4.218317866325378
3.06302011013031
2.6747287809848785
2.631532773375511
2.7052420377731323
3.2314474880695343
2.997184619307518
3.11936154961586
4.283989369869232
3.264664113521576
3.5025373101234436
2.659303266555071
2.8665414452552795
2.976744957268238
4.789421707391739
4.667227417230606
2.7623655274510384
3.1077000498771667
2.963636815547943
3.057135194540024
4.47244867682457
4.399432688951492
2.748006284236908
3.2188791036605835
2.8916041553020477
3.7844614684581757
3.486764505505562
4.477610886096954
4.486284554004669
2.9190967231988907
2.5776128517463803
3.0077391490340233
3.139566257596016
3.3616672456264496
3.018636405467987
2.8851493448019028
4.589672088623047
4.087716639041901
2.960561625659466
3.665914088487625
3.3563660830259323
4.3798258900642395
3.550325036048889
3.1599146872758865
2.905743606388569
4.062574803829193
2.922578528523445
4.731638580560684
2.9516012966632843
3.3600056171417236
3.0063672363758087
3.1460514664649963
3.7486544251441956
4.538037329912186
3.3164560794830322
2.847442254424095
3.030664585530758
3.4652595221996307
3.1346702575683594
3.1645795702934265
4.408266693353653
3.3278831839561462
2.776623610407114
3.554888591170311
2.5979466177523136
2.6230413652956486
3.8105052709579468
3.790637254714966
3.1347163021564484
2.8530219197273254
3.66029292345047
3.2805751264095306
3.0803249031305313
2.8685368224978447
4.608505666255951
4.792301952838898
4.010985195636749
2.6403747498989105
2.8302396461367607
2.9787807166576385
4.407256543636322
3.9906272292137146
2.8474241122603416
2.7959163300693035
3.1351788341999054
3.2132332026958466
3.767421841621399
3.3225473761558533
3.140532970428467
4.034559726715088
3.3873462677001953
2.6696142368018627
2.5214504217728972
3.3713458478450775
3.1332142651081085
3.637465238571167
2.9949984326958656
3.42515729367733
3.122398853302002
3.313737213611603
3.4217964857816696
2.8844062238931656
2.7703179977834225
4.717094898223877
2.7473556622862816
4.805939644575119
3.6997202038764954
2.6806603372097015
3.888144791126251
4.507551342248917
3.60191747546196
3.4444966912269592
3.105018064379692
3.4130533039569855
4.902920424938202
3.8633993268013
4.369215667247772
3.0535976216197014
2.7705471962690353
3.0541477352380753
3.895908296108246
3.154275268316269
3.128901794552803
4.4618648290634155
3.4701940417289734
3.435436487197876
3.199763298034668
3.2543666660785675
2.950318679213524
3.671073243021965
4.462880790233612
3.257889449596405
2.8734900057315826
3.2083600759506226
3.4644878655672073
2.9348989203572273
2.9493501037359238
4.712784588336945
3.4075942635536194
3.267427831888199
3.733563721179962
3.003268428146839
4.083746075630188
3.4564153105020523
2.90598027408123
3.0437519401311874
3.330402448773384
2.742037009447813
3.129424899816513
2.6679811626672745
3.3692753314971924
4.458430111408234
4.0479496121406555
2.879691645503044
2.8428877145051956
2.7402376011013985
2.886790558695793
3.6936141550540924
4.514223784208298
3.9331763982772827
2.6362707372754812
3.296901658177376
4.446227848529816
3.7364017963409424
3.4650918841362
3.42100590467453
3.003653921186924
2.9016635566949844
2.636369885876775
4.170575141906738
2.7878352627158165
3.1859102845191956
3.259546682238579
4.133303016424179
4.720446765422821
2.9582002013921738
2.7030618116259575
2.9741721600294113
3.0345533043146133
2.846604809165001
3.6924058198928833
4.779124557971954
3.2369432598352432
2.798062786459923
2.798423133790493
2.516400362364948
2.341828905045986
3.5049133002758026
3.871094733476639
3.001977615058422
3.352939784526825
3.2173991203308105
2.784116379916668
3.826376497745514
3.0674174427986145
2.858790084719658
2.8712191060185432
3.354591652750969
3.1761717051267624
3.0804699659347534
4.291304051876068
2.8795424103736877
4.172275960445404
3.5078707337379456
2.9205642640590668
2.482803435996175
2.9903317987918854
3.1073620170354843
3.1431369483470917
2.4331641383469105
3.016319125890732
3.710324317216873
3.765580803155899
4.723125696182251
3.863303065299988
3.223801404237747
3.7864133715629578
2.8260983526706696
2.77526568621397
2.8729255497455597
2.786078490316868
2.631505588069558
3.485855758190155
3.01405131816864
2.984253615140915
4.106959700584412
3.282565027475357
3.156329393386841
2.9656704887747765
3.4957244992256165
2.676891665905714
3.4584492444992065
3.3852799236774445
4.644747227430344
3.5116395354270935
4.18662890791893
3.4202083200216293
4.340395629405975
3.2120200991630554
3.618360087275505
3.928123712539673
3.142252191901207
3.784046769142151
3.3111687749624252
2.9917772114276886
2.609996050596237
4.554300904273987
3.0819526314735413
3.473350554704666
3.913305699825287
4.349954426288605
3.174389749765396
3.9060840010643005
4.502090811729431
3.8377773761749268
2.78067160397768
3.161301612854004
2.6878330670297146
3.454855978488922
3.298012688755989
2.793652769178152
4.649169743061066
3.4178508073091507
3.3148494362831116
3.7816116213798523
2.9939664155244827
3.412990942597389
3.824595957994461
2.986961454153061
3.5237447172403336
3.6891818046569824
2.917725220322609
3.7672059237957
3.190436065196991
3.0416644737124443
3.5482194274663925
3.1035607680678368
3.4500515460968018
3.2454553991556168
3.196454644203186
4.726620614528656
3.147914633154869
2.806934043765068
2.930685728788376
3.3399607986211777
2.9119593650102615
2.6178668159991503
2.7490866370499134
2.440264946781099
3.0049214139580727
3.2514818012714386
3.5949553549289703
2.5793323665857315
3.592788800597191
4.965426921844482
3.430429920554161
4.868429899215698
4.316433519124985
3.929094076156616
4.980587661266327
4.087658375501633
3.3443841338157654
2.7124180272221565
4.237765073776245
2.2050785087049007
4.523169547319412
4.319770932197571
2.8983402252197266
2.986878603696823
3.9574256539344788
3.025972694158554
2.704484313726425
3.444526121020317
4.041648209095001
4.305983781814575
4.770451188087463
4.3139854073524475
4.009627550840378
4.096480756998062
3.8056540489196777
2.814897671341896
3.380138650536537
3.1935440003871918
3.8012082874774933
3.271649330854416
2.7816148847341537
4.2284587025642395
3.2773850113153458
3.9858323335647583
3.4565725922584534
3.701915666460991
3.264700174331665
3.4660065919160843
3.1930017471313477
3.069468066096306
2.4371715309098363
3.3597388863563538
3.486671894788742
3.3140408992767334
2.7677085995674133
2.889394201338291
2.886282801628113
2.6468027010560036
3.0036611109972
3.200451284646988
4.256222248077393
3.4088503569364548
4.126356393098831
2.627289779484272
3.25930655002594
3.1790246069431305
3.5003792494535446
4.483830034732819
3.226400315761566
3.3513516187667847
3.3185864984989166
4.197351485490799
3.9377257227897644
3.089017905294895
2.913932278752327
2.9701781272888184
2.8918953984975815
3.2160580158233643
3.324112519621849
3.0081822723150253
3.147491067647934
2.8461582958698273
2.7940926514565945
4.2097291350364685
2.8387759625911713
3.1019270420074463
3.2691287994384766
3.2385291159152985
2.860834524035454
2.6748454570770264
3.0418433621525764
2.946890667080879
3.3130813390016556
3.524998351931572
3.242538198828697
3.49350742995739
3.5534484684467316
3.107202611863613
2.6233134046196938
3.389740511775017
3.0745742470026016
4.003668427467346
4.316226989030838
3.09323500841856
4.4194212555885315
4.408484101295471
2.647858690470457
2.3995241057127714
3.2656151056289673
3.693138286471367
3.2793813943862915
2.736755423247814
3.7685097754001617
3.1296632438898087
3.013463020324707
2.916788011789322
2.7379732951521873
2.8428588807582855
3.9429402351379395
2.928725928068161
3.5029198974370956
3.5723742842674255
2.637116089463234
4.033239930868149
2.7904751896858215
3.19915235042572
3.3523156493902206
2.7996893040835857
3.058827370405197
2.572120912373066
2.8138653934001923
3.812367618083954
3.242478668689728
3.0454974621534348
3.718061149120331
3.128015697002411
3.0223551020026207
3.939402848482132
2.866959497332573
3.185378909111023
3.8717272877693176
3.700494095683098
4.01119738817215
3.1736263632774353
3.3615610003471375
2.7579494565725327
3.960176706314087
4.1682954132556915
3.460851013660431
3.0968138203024864
4.580625593662262
2.4838269129395485
3.5648131370544434
3.5730381309986115
3.5945694148540497
3.5105664283037186
2.955164834856987
3.304048106074333
2.983570024371147
3.901429623365402
3.1039218604564667
3.340965434908867
3.402690887451172
2.796806376427412
3.070376440882683
3.4101546555757523
3.541785329580307
4.690390527248383
3.1241022050380707
2.6404947135597467
3.0319934338331223
3.146621435880661
3.2787245512008667
3.748183026909828
3.2407067716121674
3.3648842573165894
2.875545546412468
4.828695356845856
3.8560651242733
3.678097128868103
4.812171757221222
3.5147877037525177
2.6705322973430157
4.0354494750499725
2.658494934439659
3.1209655106067657
3.110864534974098
3.9267978072166443
2.646743543446064
2.7966498397290707
4.815073907375336
3.888394981622696
2.911394387483597
2.656169654801488
