3.3158058673143387
3.4080010652542114
3.802642822265625
3.6214134842157364
4.7039468586444855
3.315160423517227
4.4373708963394165
3.717164546251297
4.832628071308136
3.3667050302028656
3.6507949233055115
3.599471151828766
3.308602347970009
3.5626067221164703
3.1212040781974792
2.874726615846157
3.2817967981100082
3.7570708990097046
3.6000724881887436
3.410012200474739
3.6049847304821014
3.4567633271217346
3.537982702255249
4.589830636978149
4.607189744710922
3.6204053461551666
4.054418504238129
3.8202501833438873
2.8045854717493057
3.026365004479885
4.0088291466236115
4.133943021297455
3.6792828142642975
2.8675447776913643
3.572351112961769
3.26797291636467
3.9086002111434937
2.792526911944151
3.2307828962802887
3.084336742758751
4.066142439842224
3.1817804276943207
2.812933251261711
3.355419784784317
3.0975867435336113
2.7370768785476685
3.1188055500388145
3.41647632420063
3.748028501868248
3.3056218922138214
3.4247004240751266
3.1767190992832184
2.992720939218998
3.399263024330139
3.9850589632987976
3.861670345067978
3.2994788885116577
4.142071157693863
3.833169639110565
3.3121905475854874
2.983495220541954
3.7445591390132904
3.053479418158531
4.480892866849899
3.48605215549469
2.6277864165604115
3.0232174694538116
3.257940858602524
3.2124849408864975
3.221873715519905
3.456062376499176
2.999511919915676
3.3173130452632904
3.3357958495616913
2.8120503202080727
3.714849203824997
3.68448868393898
3.2477717101573944
3.163236603140831
3.976828455924988
4.182306379079819
3.13379168510437
2.953984811902046
4.811083078384399
3.925018012523651
3.746824860572815
3.801206797361374
4.0349626541137695
3.8307470083236694
3.6058370769023895
2.966088578104973
3.4408486634492874
3.670210763812065
3.3172716200351715
3.0262788757681847
4.781997352838516
3.5322512686252594
4.053640365600586
2.599262800067663
3.4113430976867676
4.110462814569473
4.650489836931229
3.528408706188202
3.951783925294876
2.7326706424355507
3.950882852077484
4.6243782341480255
4.166239947080612
3.1633970141410828
3.3618634194135666
3.6385880410671234
3.9921703934669495
2.948164865374565
2.8689320757985115
2.967124916613102
3.132152557373047
2.869737148284912
3.462803065776825
3.827883303165436
4.460096955299377
4.161723256111145
3.126262277364731
3.0978000536561012
3.63618828356266
2.8168632462620735
3.776639699935913
3.5563308000564575
3.8008326292037964
4.263725578784943
3.049023523926735
2.811032496392727
3.0856648832559586
4.424163103103638
3.2005972415208817
4.058949649333954
3.6014361679553986
4.157097339630127
3.044416420161724
2.442371202632785
3.6814208328723907
3.9104540646076202
3.3791740983724594
3.008696772158146
4.493340253829956
3.5557496547698975
3.8220660388469696
2.9754631221294403
2.9685740172863007
4.635049998760223
3.380332961678505
4.608329385519028
3.5587331652641296
4.436279684305191
3.5836628824472427
2.756500318646431
2.6494445092976093
2.9681051522493362
3.238709196448326
3.3993861079216003
3.197549283504486
4.473355412483215
3.6997565627098083
4.626090824604034
4.7032055258750916
4.63006317615509
3.2324691116809845
4.192635416984558
3.7793326377868652
3.1588509678840637
3.5382452607154846
3.0754323303699493
4.180857241153717
3.620331734418869
3.4622491896152496
3.9665398001670837
4.494089484214783
3.6363236606121063
3.284178227186203
4.06467393040657
4.098477363586426
3.9416173100471497
3.868066370487213
3.3126168698072433
4.082967936992645
4.153327196836472
3.168017864227295
3.792532980442047
3.1039368733763695
3.7533535063266754
3.8587604463100433
3.312733620405197
3.0012833327054977
4.0833880007267
2.9950763657689095
3.3307507634162903
3.0169163271784782
4.051540493965149
4.029036909341812
2.8493477404117584
3.875730335712433
4.457183927297592
2.808065451681614
3.426775634288788
4.364617615938187
3.5617467761039734
3.373626470565796
4.9089714884758
2.692217566072941
3.9129942655563354
4.319642335176468
4.000055193901062
3.5229603946208954
3.23446124792099
3.0069302767515182
3.2981309294700623
3.8118718564510345
3.2324622571468353
4.421883225440979
2.8970303758978844
3.7059464305639267
3.611886501312256
4.479659795761108
2.8687405586242676
3.3791758120059967
3.3462004363536835
2.8838718309998512
3.3431722223758698
3.047223389148712
3.4204652905464172
3.3213940262794495
3.8666345179080963
3.071439415216446
3.123232237994671
3.231358230113983
3.439028412103653
3.6354851722717285
3.6407583951950073
2.7990921400487423
3.0671078339219093
3.273245394229889
3.3661995828151703
3.945974111557007
3.0366912484169006
3.4813548624515533
2.8792908042669296
3.7114670872688293
3.940947949886322
4.249395281076431
4.0503934025764465
3.8925501704216003
2.6829754188656807
3.7580233812332153
2.962162345647812
3.912092298269272
3.7746885418891907
4.127274453639984
3.0058998614549637
4.257170855998993
3.857521712779999
3.6530689895153046
3.5681451857089996
4.161690175533295
2.758239731192589
2.738530971109867
4.001394212245941
3.4347351640462875
3.5838686674833298
3.1367499381303787
2.9949261248111725
3.746839016675949
2.708149328827858
2.8039977326989174
4.337168037891388
3.1230954825878143
3.037150800228119
3.1386052072048187
3.489397317171097
3.9075282216072083
3.7244587391614914
4.755862653255463
3.1618929654359818
3.2282622158527374
3.057900592684746
3.317813277244568
3.3831749111413956
3.120616003870964
2.8329647332429886
2.989184260368347
3.4265130758285522
3.159630596637726
3.6323756724596024
4.1129884123802185
4.364820122718811
3.140648975968361
3.32177996635437
2.938992828130722
3.6022114008665085
3.5130123794078827
3.315209150314331
3.797435462474823
3.862086683511734
3.4129180014133453
3.8345396518707275
3.5459668934345245
3.540571853518486
2.683071903884411
2.806731704622507
3.4509217739105225
3.646252602338791
3.4214505553245544
4.051065742969513
3.4745700657367706
4.581998288631439
3.3881577849388123
2.6813139021396637
2.877289168536663
4.058736562728882
4.02206689119339
2.5916219782084227
3.77724826335907
3.6050238460302353
3.1991370022296906
3.108098618686199
4.412808865308762
2.640190916135907
4.10176157951355
4.475542306900024
3.540821373462677
2.766605168581009
3.962007164955139
3.7361253798007965
3.993457555770874
3.381173759698868
4.49912041425705
4.039047658443451
3.768516778945923
3.2933470606803894
2.719716690480709
3.203979656100273
3.1546249985694885
4.359863251447678
3.5427362471818924
3.357192277908325
2.774325329810381
3.676889091730118
3.5106395184993744
3.715760111808777
3.8103674352169037
3.500128388404846
4.484645426273346
3.101021535694599
3.8061730563640594
3.972986489534378
3.764040470123291
3.322755917906761
3.8700464367866516
2.6488638017326593
3.157711997628212
2.8073804639279842
4.295533150434494
3.8064509630203247
3.2540933787822723
3.161562979221344
3.0234364047646523
2.73465970531106
3.4862120449543
2.730415239930153
2.8208698332309723
3.632972687482834
3.727298602461815
3.48780557513237
4.428620785474777
4.125412106513977
2.928144261240959
3.099883310496807
3.4906460344791412
4.034137725830078
3.8393057882785797
3.4387528151273727
3.4434092044830322
4.3347278237342834
3.784216046333313
4.091004431247711
3.1502094864845276
3.3777622878551483
3.586646616458893
3.9881904423236847
2.8754521161317825
2.8483545780181885
3.3585743606090546
3.675212115049362
3.763287663459778
3.785899728536606
3.1925033032894135
3.6097198724746704
3.558846563100815
3.6633509397506714
3.2955001294612885
2.882016859948635
4.328776001930237
3.02368700504303
3.614872321486473
3.5475970804691315
4.151820540428162
3.2839882373809814
2.9400818049907684
2.937196008861065
4.2936524748802185
3.3253897726535797
4.116801023483276
3.2784705609083176
3.107900619506836
3.0802084505558014
3.6052916198968887
4.110252112150192
3.4621374309062958
3.785511553287506
3.1011639907956123
4.094693809747696
3.5439272224903107
3.9322327077388763
3.7517353892326355
2.8004937805235386
3.9152175188064575
3.687211349606514
3.2787738740444183
2.8195106238126755
4.062422066926956
3.9204929769039154
2.900475040078163
3.9561255276203156
3.359554558992386
3.5418954491615295
3.7223735451698303
3.882533311843872
3.299926519393921
4.047874957323074
3.078521713614464
3.7619464099407196
2.872869074344635
2.4652817053720355
4.724399447441101
3.7056297808885574
4.668684899806976
4.1971661150455475
3.510752022266388
2.872137725353241
3.6351700872182846
4.355744421482086
3.3763836324214935
2.9034442082047462
4.2163291573524475
4.328870475292206
3.174474611878395
3.083975464105606
3.1147878617048264
2.8420696407556534
3.6582206934690475
2.6994050294160843
4.703085422515869
2.914326712489128
3.2131782174110413
3.026715964078903
3.006773293018341
4.084657430648804
4.459958076477051
3.9662861824035645
3.8917312026023865
3.979896306991577
3.4419555217027664
2.7424774691462517
4.7341664135456085
4.553388059139252
3.565170019865036
2.8558117896318436
3.2678209990262985
3.7254296988248825
3.708927109837532
3.25375035405159
3.6055999994277954
3.0572132021188736
3.7145476788282394
3.9398615062236786
3.6178676784038544
2.9209719225764275
4.243108928203583
3.3711813390254974
4.1147541999816895
4.001968502998352
3.3453746140003204
4.19762521982193
3.9605331420898438
3.598659932613373
3.921305537223816
3.078230805695057
3.035222813487053
2.653849497437477
4.349247366189957
3.110482655465603
3.825176954269409
3.1934145092964172
3.7869346141815186
4.888319671154022
3.040268123149872
3.113762065768242
3.24157252907753
3.474189192056656
4.2920950055122375
3.0239498615264893
4.3155354261398315
3.9120545983314514
2.58240663446486
2.7360572665929794
2.980232313275337
2.5409952690824866
3.4485790133476257
3.4899871051311493
3.279150426387787
3.623131960630417
4.35101717710495
3.5936035960912704
3.7883061170578003
3.3687181770801544
3.4030573070049286
3.6255155503749847
3.233378231525421
3.171994537115097
3.1168872117996216
4.532721042633057
2.968820258975029
4.54927921295166
2.6243812404572964
2.927948534488678
3.392867296934128
4.011319428682327
2.8311315178871155
4.40494105219841
3.318779468536377
3.8579636812210083
3.005041629076004
4.228711724281311
3.4539806842803955
3.728603273630142
3.300863206386566
3.661743402481079
3.60546812415123
3.9650066196918488
3.2289214432239532
3.7603674829006195
3.1550954282283783
2.9413913562893867
3.8262897729873657
3.503825068473816
3.519929200410843
3.38731586933136
3.6024197190999985
2.9073014482855797
4.1690316796302795
3.466949313879013
4.027169793844223
3.0836523696780205
3.300354480743408
3.1357622891664505
3.165305107831955
3.1969721615314484
2.962241508066654
3.556748777627945
3.164540082216263
4.474026411771774
3.951193243265152
3.7077507376670837
3.553510308265686
3.8247066736221313
4.012688249349594
3.602079898118973
3.389177918434143
3.819241225719452
3.3995504677295685
3.712548464536667
3.0934449657797813
4.018552899360657
3.156704753637314
3.5488630831241608
3.0079127103090286
3.3053939044475555
3.366597145795822
4.233415126800537
4.056853502988815
3.71708981692791
3.3614902198314667
3.6150063574314117
3.477313220500946
4.207697510719299
3.379737138748169
4.220396280288696
3.5569441318511963
4.301184415817261
3.0880238860845566
3.1694595515727997
3.2817264646291733
3.5045404732227325
3.548862487077713
2.7624036371707916
3.5975396633148193
3.4192320704460144
2.8459180518984795
3.368682414293289
3.184366896748543
4.425493478775024
3.624212145805359
3.034251220524311
3.1223342195153236
3.7841448187828064
4.448196589946747
4.432484656572342
2.4754839669913054
3.7146563827991486
3.475993052124977
3.249921500682831
2.9734986275434494
4.759368747472763
4.140057861804962
3.7530404329299927
4.432353228330612
3.3180204778909683
3.4594719111919403
3.9505180716514587
3.635019063949585
3.2395142316818237
3.4936292469501495
3.996393084526062
2.8696463257074356
4.573435187339783
4.632599353790283
3.4373992681503296
3.198787495493889
2.935670427978039
4.197548031806946
3.16382959485054
3.0268535763025284
3.314139023423195
3.406335413455963
2.5296712829731405
3.2650327682495117
3.420141786336899
4.733493328094482
2.795363701879978
3.1661799550056458
3.583279699087143
3.2629969716072083
2.5019230134785175
3.8652071356773376
3.405022844672203
3.0470192804932594
3.4205999970436096
3.679077923297882
3.223070204257965
3.8435181975364685
3.1942227482795715
3.7574121356010437
4.01696652173996
4.161442518234253
2.8388840705156326
3.539549931883812
2.897845134139061
2.902658097445965
3.019571900367737
3.0215685814619064
3.728107586503029
4.184412062168121
3.950965106487274
3.7248066067695618
4.637237787246704
3.106832429766655
3.8369539380073547
3.9808502793312073
3.2335536926984787
3.4094511717557907
3.9243465662002563
3.5174039751291275
3.5809648036956787
3.591463640332222
2.8188765794038773
3.8221271336078644
4.060803949832916
3.163226470351219
3.918197900056839
4.22418937087059
3.631700351834297
4.34688538312912
3.0833131819963455
3.3434972912073135
3.380987271666527
3.3416971564292908
2.8391794860363007
3.2177243381738663
4.307375997304916
3.1628940999507904
3.5299132019281387
3.334919959306717
2.7875580824911594
3.215520605444908
3.2680104672908783
3.5000811517238617
3.6831744015216827
3.0389585345983505
4.064798653125763
3.387773036956787
3.371327742934227
3.092544823884964
3.4360506385564804
3.1239717453718185
3.0041803047060966
3.4948738664388657
4.443924129009247
4.3170276284217834
4.0714845061302185
3.1016720458865166
4.030508399009705
4.7341664135456085
3.934392035007477
4.039064645767212
3.241821676492691
3.231036812067032
4.025727063417435
3.425716757774353
3.66812564432621
4.0852537751197815
3.2523661106824875
4.554790258407593
3.505042940378189
2.9889243096113205
3.059551864862442
2.979302331805229
2.748280055820942
3.9070583879947662
3.0819907784461975
3.0936864763498306
3.361304998397827
3.5374654829502106
3.1205910071730614
3.372690826654434
3.589797243475914
3.2083262503147125
3.8286271691322327
4.128137230873108
3.0299686267971992
2.804342843592167
2.8741267323493958
4.792039692401886
3.5749799013137817
3.7615828216075897
3.4123244136571884
3.456837087869644
4.888319671154022
3.3256907016038895
3.740789517760277
3.620331734418869
4.169560372829437
3.9979036152362823
3.3048897981643677
3.1808775663375854
3.70512917637825
3.5292719304561615
3.6050476878881454
2.8676174208521843
3.823327124118805
2.9657887294888496
2.9692616313695908
3.857770264148712
2.596839629113674
2.924008294939995
4.707605391740799
2.9248377680778503
2.6595794409513474
3.667577803134918
3.8036933541297913
3.7636907398700714
2.907046526670456
3.8558706641197205
3.3944565057754517
3.1449532508850098
3.2655445486307144
3.2234855741262436
3.7270965427160263
3.152393400669098
3.0901598930358887
3.852947950363159
3.8379764556884766
4.6002525091171265
4.029415547847748
3.7585334479808807
4.045543074607849
3.415679782629013
2.6253134943544865
3.3710376918315887
3.4676076471805573
2.9883285611867905
3.304523602128029
3.1237586587667465
3.683599606156349
3.933282196521759
3.309561237692833
3.910316079854965
4.426434636116028
3.848603069782257
3.480246365070343
2.9803866147994995
3.5464613884687424
2.9956429824233055
3.4796161204576492
4.270477890968323
2.7382836118340492
3.8796091079711914
3.280765786767006
4.136227369308472
3.3604731410741806
3.489854857325554
2.941712811589241
2.9272717237472534
3.148537650704384
2.7998271211981773
3.0666687712073326
3.4147435426712036
2.589097572490573
4.182911813259125
3.2661978900432587
3.309781476855278
3.3375756442546844
3.939209431409836
2.4769323924556375
3.081187382340431
4.021104276180267
3.6565646529197693
3.065366819500923
3.8317352533340454
3.4212924540042877
4.465524852275848
3.8220319151878357
3.394003212451935
4.210769534111023
4.57179456949234
2.5309914210811257
4.32851180434227
3.4127457439899445
3.739728331565857
3.3844976127147675
2.6273497566580772
3.444146066904068
4.53850656747818
3.3913279324769974
2.757503502070904
4.188835769891739
3.9168888330459595
3.328125923871994
3.9825591444969177
3.041643500328064
3.1445273756980896
3.2338572293519974
3.0214012041687965
3.1795603036880493
3.4737370908260345
4.871135652065277
3.9989471435546875
2.6926709339022636
3.055400587618351
4.322978258132935
3.326266258955002
3.6273524165153503
2.931937053799629
3.4012094140052795
2.8242842853069305
4.160239994525909
3.009892553091049
3.306795433163643
3.2687411457300186
3.4161298722028732
4.202503710985184
4.764835834503174
4.62977796792984
3.8362127542495728
3.025093749165535
3.356388285756111
4.643649458885193
3.69613878428936
3.455909341573715
3.7588906288146973
4.578307271003723
3.6795224249362946
3.1833315640687943
3.5294660925865173
2.7708757668733597
2.5951103307306767
2.7211182937026024
3.5739578306674957
3.1456252187490463
2.7557866275310516
4.143418669700623
3.9389535784721375
3.8593128323554993
3.0302295833826065
3.1514767557382584
2.9505524039268494
4.254116863012314
3.0760008469223976
3.1653066724538803
4.7790540754795074
2.9538774490356445
4.792053699493408
4.352783560752869
3.7367667257785797
3.609454706311226
3.978819251060486
4.171297550201416
2.9290644451975822
2.9481472820043564
3.0855342000722885
3.6781708896160126
3.1795543432235718
2.8633173555135727
3.5991834849119186
4.333316385746002
3.1486067920923233
3.1633850187063217
3.894314169883728
4.611955881118774
4.0617018938064575
3.384755849838257
3.3268648386001587
4.066816568374634
3.6187393963336945
4.474026411771774
3.4779755026102066
3.8296544551849365
3.463273271918297
3.962120860815048
3.6174114793539047
3.16029816865921
4.6142831444740295
3.3045540750026703
3.2604126632213593
3.983887881040573
2.9107723385095596
2.944694012403488
3.266647309064865
3.3202970027923584
3.5261983424425125
3.66812564432621
3.124278523027897
3.3780760318040848
4.1689349710941315
4.282015413045883
3.3366721868515015
3.5329408943653107
3.690679296851158
4.200536608695984
3.7154510617256165
3.663939982652664
4.098411798477173
3.5673320293426514
3.351915031671524
2.9082049801945686
3.11345137655735
2.745906189084053
3.3577998727560043
4.12899911403656
3.5467447340488434
3.556329905986786
2.9531539976596832
3.3001144230365753
4.462795555591583
4.464598596096039
3.929637372493744
3.947211503982544
2.9397106915712357
2.8229988738894463
3.701344132423401
3.494550883769989
3.238198608160019
3.4823640435934067
2.876102216541767
3.310433477163315
3.636096715927124
3.338092267513275
3.4584827721118927
3.8082915544509888
2.9419104754924774
3.8084158301353455
4.02077853679657
4.337474703788757
3.476337492465973
3.2798416167497635
4.5278167724609375
2.77399729937315
3.3482322841882706
3.9691907167434692
3.831126391887665
4.006022810935974
3.197326883673668
3.9266471564769745
3.3023136854171753
3.3397547900676727
3.5593560338020325
3.6219874024391174
4.495961666107178
2.9939140379428864
3.695489913225174
3.5052236169576645
3.800579309463501
3.2369332015514374
2.9857560619711876
3.7988650798797607
3.727091997861862
3.0832018703222275
2.791481986641884
3.6740507185459137
3.5495002567768097
3.4601111710071564
3.6537036299705505
2.842700034379959
3.2097942382097244
4.399798810482025
4.0116894245147705
3.601640462875366
2.874331511557102
3.0663371458649635
3.3996129781007767
2.9859236627817154
3.649815171957016
3.5966430604457855
2.8048875369131565
4.5371149480342865
3.3184513449668884
4.343234598636627
3.46052885055542
3.302004560828209
2.9661209881305695
4.069622904062271
3.48056361079216
2.9614653438329697
3.59039269387722
2.926671952009201
2.718719393014908
2.737613767385483
2.90453240275383
3.7605735659599304
4.002197086811066
3.477952629327774
2.8233209997415543
3.1850798428058624
3.9605166018009186
4.076998233795166
3.194752335548401
4.30818647146225
3.5819727927446365
3.157168924808502
3.1612276285886765
3.286956548690796
3.344024568796158
4.32160884141922
4.053640365600586
3.942287117242813
2.803996615111828
3.5493481159210205
3.6724302172660828
3.3734245598316193
4.062268137931824
2.8183910250663757
4.432247281074524
3.6338461190462112
4.1645729541778564
2.90150985121727
3.228185847401619
2.73101769387722
4.720315635204315
3.387192189693451
3.7421757727861404
3.301239162683487
3.309932053089142
4.279890358448029
2.8220461681485176
3.670467510819435
2.9934996739029884
2.546051638200879
3.034192994236946
3.145783394575119
3.570709079504013
3.1145521998405457
3.044741302728653
3.1798729300498962
3.3825062215328217
4.637330621480942
4.759151339530945
3.1024372577667236
3.1158487498760223
3.3023326098918915
3.5121584683656693
4.870163202285767
3.4673811495304108
3.549368306994438
3.2277309894561768
3.5067465901374817
3.526740074157715
3.7367117404937744
3.443896099925041
3.261267766356468
3.6711353063583374
3.671206384897232
3.6746329814195633
2.9661335796117783
2.9562707245349884
3.971889019012451
3.688945695757866
3.9522524178028107
3.5173089057207108
3.5819122195243835
2.9370834678411484
3.3383194357156754
3.7679094076156616
3.131735324859619
2.866092473268509
3.4439343214035034
3.027794770896435
3.071869984269142
4.259112477302551
2.8613202646374702
3.483058586716652
3.595525622367859
4.041202068328857
3.625495508313179
2.786809243261814
2.767986971884966
3.809666335582733
3.7016579508781433
3.7784594297409058
2.9423995688557625
3.926936686038971
3.6380740255117416
3.577171340584755
3.6129726469516754
3.1876789033412933
3.236151859164238
3.2269835472106934
3.4062232077121735
3.2016564905643463
2.816196009516716
3.3654174208641052
3.2401947677135468
4.062506556510925
3.5707972943782806
4.136330485343933
4.690568447113037
3.522317558526993
3.5146188735961914
3.0848752707242966
3.4751850366592407
4.776528775691986
3.476036787033081
2.920802980661392
3.983146548271179
3.5516175627708435
3.8496115803718567
3.994521051645279
3.488469570875168
3.5051946341991425
3.599310517311096
3.8223202526569366
3.9211779832839966
3.6900460720062256
4.158932566642761
2.95222170650959
3.726739212870598
3.492630571126938
3.5600649565458298
3.6491265147924423
4.001470506191254
3.3795635402202606
4.799038767814636
2.855922132730484
3.412574678659439
3.93604576587677
4.474659413099289
2.6319471281021833
3.5594548285007477
2.714907079935074
3.7642017006874084
2.9376646131277084
3.3810777962207794
4.042680114507675
3.0144236236810684
3.2565241307020187
2.972039394080639
4.392067939043045
3.889126032590866
2.654336839914322
2.990654557943344
3.75445693731308
4.028099775314331
3.603885769844055
3.932708501815796
2.8317127376794815
3.0898869782686234
3.3210553973913193
3.307534009218216
2.9430675506591797
4.536432325839996
3.8844390213489532
3.523077815771103
4.084555059671402
3.6763662844896317
2.9474571719765663
4.001635909080505
3.5199201107025146
3.6579953134059906
3.116435334086418
3.7531083822250366
4.652795195579529
3.7630484998226166
3.9774565398693085
3.716984838247299
3.020162470638752
3.665364906191826
3.5828405618667603
4.103491902351379
3.1055012345314026
2.905162423849106
3.1371936202049255
4.122172296047211
3.8880883157253265
3.414393663406372
3.3001425862312317
2.9365570098161697
3.087651990354061
4.479659795761108
3.9431044459342957
3.7106332182884216
3.359803408384323
3.453538492321968
4.244716763496399
2.5413809064775705
3.0742239207029343
2.9336250573396683
3.0474528670310974
3.4492044150829315
3.414301797747612
3.3536862581968307
3.4326422959566116
2.8274665027856827
4.611586630344391
4.082983136177063
3.425915390253067
3.5789772868156433
3.579145073890686
2.954469695687294
3.5458239912986755
3.4177784621715546
3.682136908173561
3.437710925936699
3.9087113738059998
3.6770664155483246
3.877688944339752
2.802870776504278
3.882046639919281
4.286900609731674
2.826911360025406
3.592977151274681
4.045543074607849
3.5135232657194138
2.805701568722725
3.614678531885147
4.23037976026535
3.9447471499443054
3.0085809528827667
3.2955288887023926
3.072720654308796
3.439881056547165
2.8563785180449486
4.392929971218109
3.5914209485054016
3.006574884057045
3.0438585579395294
3.434297665953636
2.953578531742096
4.118734449148178
3.46296064555645
3.35543729364872
3.5248014330863953
2.8957142680883408
4.0316106379032135
3.384118154644966
2.893071100115776
2.9758411645889282
4.037958234548569
4.425400495529175
4.801948517560959
3.957805037498474
3.1836971640586853
3.9809277653694153
3.6193014681339264
3.754374235868454
4.492609202861786
3.5634753108024597
4.118692576885223
3.8014766573905945
3.4827157109975815
3.524750992655754
3.260604590177536
3.9158794283866882
3.441706970334053
3.942674696445465
4.173276424407959
3.5550302267074585
3.5151781141757965
3.631105422973633
4.154053181409836
3.227218985557556
3.152933716773987
2.5339837186038494
3.06281715631485
3.3916695415973663
3.3743559569120407
3.7371498346328735
3.9088520407676697
3.151571899652481
3.9736060798168182
3.180154860019684
2.9552049934864044
3.3660270273685455
4.327716529369354
3.573760613799095
2.9252731800079346
2.849276289343834
3.767310231924057
3.6463840305805206
3.339090496301651
3.5490895807743073
2.6486603543162346
3.0472470819950104
3.7928159534931183
3.7628328800201416
3.5658520460128784
3.294701427221298
2.9540107399225235
4.265463650226593
4.009520411491394
3.956495225429535
3.951347768306732
4.475854933261871
3.2046708464622498
2.6502291299402714
3.377377763390541
4.369198530912399
3.53987917304039
2.5099443295039237
3.4416690468788147
4.212856590747833
4.4372254610061646
3.6464551091194153
3.7982824444770813
3.6874715983867645
3.754795640707016
3.113063722848892
3.7253744155168533
2.8227459266781807
3.2800638675689697
3.5004281997680664
4.439267516136169
3.7155985832214355
3.5766059160232544
4.123218357563019
3.1964966654777527
4.111431837081909
3.788188099861145
4.794666916131973
2.823271080851555
3.1023992225527763
3.79951149225235
2.938612326979637
4.49585035443306
3.30318346619606
3.6214563250541687
2.5570990843698382
3.6298945546150208
4.12109911441803
3.3161628991365433
3.5232479870319366
3.541661351919174
3.743499591946602
2.863643169403076
4.045961946249008
4.37729686498642
3.462853729724884
4.239498525857925
4.412480294704437
4.464869052171707
3.20612832903862
3.8276879489421844
4.314077794551849
4.30320531129837
3.51952463388443
3.306320011615753
2.9811324179172516
3.57869416475296
3.516298830509186
3.0614610761404037
3.374370113015175
3.2053234428167343
3.192829340696335
3.523740693926811
3.04215207695961
2.677922211587429
3.2724493741989136
3.0546779185533524
2.9386572912335396
3.301205411553383
4.058641493320465
3.5099591314792633
3.2111436873674393
3.291781470179558
3.867378979921341
3.8638199865818024
3.078882545232773
2.95057974755764
3.1423459947109222
3.18367600440979
3.5586678981781006
3.817172944545746
3.47882978618145
3.2723793387413025
3.265165016055107
3.183753564953804
3.3673612773418427
3.4000803530216217
3.117600828409195
2.665473148226738
3.004402108490467
3.5851022601127625
3.724241182208061
2.624565428122878
4.013909995555878
3.0223295465111732
4.740981608629227
3.1972260773181915
3.5871557146310806
2.7820682525634766
2.7642222680151463
3.827010989189148
2.978883273899555
3.3741985261440277
3.341454267501831
3.038903996348381
2.859880104660988
2.8620439022779465
4.251612573862076
3.147995099425316
3.7571877241134644
3.87420117855072
4.178186655044556
3.3661343157291412
3.378203809261322
3.387240245938301
3.769744634628296
3.6192767322063446
3.370838314294815
3.3676931262016296
2.9652149230241776
3.5733385384082794
3.1953956931829453
2.645074650645256
2.8768301755189896
4.2499251663684845
3.0741526558995247
3.907957524061203
3.4706520289182663
3.7421470135450363
3.171698749065399
3.492629826068878
3.206702023744583
3.2923638820648193
4.027918428182602
3.7443816661834717
3.566020131111145
3.6560477316379547
4.016873836517334
2.614500131458044
3.2095955312252045
2.959537096321583
3.7176834046840668
4.069795459508896
3.623175323009491
3.242083787918091
2.9980072379112244
3.427382856607437
3.3440405875444412
2.867000550031662
3.211616724729538
3.499978706240654
3.356396034359932
2.7345829270780087
4.514685571193695
3.539060056209564
4.214673787355423
4.1123878955841064
3.340657949447632
3.717901036143303
3.480697274208069
4.653888642787933
3.6391159892082214
3.27740840613842
3.5535043478012085
3.1081895530223846
2.900215946137905
3.5918892920017242
3.204292058944702
3.4737110137939453
3.1004688143730164
3.495156764984131
4.211149364709854
4.262501001358032
3.4427396953105927
3.1617458164691925
3.5042814910411835
3.182034194469452
4.6838657557964325
3.464033305644989
3.024340942502022
2.6371948327869177
4.747768044471741
3.18599596619606
3.530449941754341
3.519444167613983
3.147279769182205
3.3127453178167343
3.1159862130880356
3.1168442592024803
3.1479278206825256
3.175608590245247
4.678030908107758
3.5522684454917908
4.340385794639587
2.595075983554125
4.136324822902679
3.450414538383484
2.9222438484430313
2.7510229125618935
3.6878053843975067
3.6371012777090073
4.179624617099762
3.018096908926964
4.619707465171814
3.178597092628479
3.5020653158426285
3.2895680516958237
4.000308513641357
3.8414399325847626
