4.923991411924362
4.995952546596527
5.0
4.874877631664276
4.868650287389755
4.9189454317092896
5.000000298023224
4.978686571121216
4.7385042905807495
4.7993578016757965
4.800255596637726
4.882714003324509
4.969407916069031
4.351334124803543
4.998302459716797
4.879395067691803
4.714263379573822
4.9675266444683075
4.989028871059418
4.954151213169098
4.991605877876282
4.972748011350632
4.21118289232254
4.893815964460373
4.218806326389313
4.973224550485611
4.993450790643692
4.708276391029358
4.73550483584404
4.863767623901367
4.892693758010864
4.977953135967255
4.946264028549194
4.873902499675751
4.557643532752991
4.970985054969788
4.956960678100586
4.992582201957703
4.977557063102722
4.76891815662384
4.984080195426941
4.794788956642151
4.0852290391922
4.9367207288742065
4.968383759260178
4.972216188907623
4.884293377399445
4.992325156927109
4.595102518796921
4.118938148021698
4.982824474573135
5.0
4.884630739688873
4.953189492225647
4.796306788921356
4.669725000858307
4.837224930524826
4.788540005683899
4.941880851984024
4.99479740858078
4.9750469624996185
4.937374591827393
4.963965117931366
4.932678043842316
4.967610538005829
4.914392530918121
4.984523206949234
4.715568423271179
4.919502288103104
4.971790909767151
4.665347635746002
4.851218163967133
4.362834393978119
4.967106580734253
4.558873474597931
5.0
4.9557578563690186
4.971472769975662
4.771098494529724
4.782954752445221
4.805108606815338
5.0
4.968383759260178
4.796607196331024
4.967407286167145
4.983963072299957
4.679557681083679
4.927664697170258
4.95920717716217
4.918910264968872
4.993636310100555
4.980197250843048
4.999999701976776
4.943756312131882
4.516479671001434
4.923770874738693
4.884256422519684
4.677965044975281
4.75775420665741
4.8520393669605255
4.908949434757233
4.882125556468964
4.90062490105629
4.899776428937912
4.768105745315552
4.997758269309998
4.627559036016464
4.916393309831619
4.986399710178375
4.789822101593018
4.992068707942963
4.869769066572189
4.965858459472656
5.000000298023224
4.932678043842316
4.9310192465782166
4.993576258420944
4.697392135858536
4.991312026977539
4.896500110626221
4.964633285999298
4.940578639507294
4.899095296859741
4.868685007095337
4.940869361162186
4.970104843378067
4.991542100906372
4.985983818769455
4.883059561252594
4.875141084194183
4.987211227416992
4.961505234241486
4.9877166748046875
4.773611277341843
4.181001037359238
4.893381893634796
4.738828539848328
4.919977486133575
4.97464656829834
4.944489598274231
4.988256245851517
4.897161275148392
4.899010062217712
4.969032406806946
4.661579728126526
4.955683499574661
5.0
4.826654940843582
4.900780916213989
4.917735457420349
4.887642860412598
4.977219998836517
4.8275865614414215
4.941113889217377
4.93265375494957
4.630405008792877
4.734123349189758
4.939849525690079
4.962257444858551
4.650376737117767
4.857766628265381
5.000000596046448
4.917682409286499
4.891407489776611
4.985955655574799
4.953615665435791
5.0
4.958051890134811
4.965164065361023
4.1857485473155975
4.308851361274719
4.761398732662201
4.859615862369537
4.954564273357391
4.98725950717926
4.819974452257156
4.951100200414658
4.818645268678665
4.993706047534943
4.990405440330505
4.9870602786540985
4.967147707939148
4.978678524494171
4.943976700305939
4.513271152973175
4.988906979560852
4.970936328172684
4.998098909854889
4.691935777664185
4.78405237197876
4.9419474601745605
4.915473312139511
4.127841889858246
4.734479337930679
4.864896386861801
4.991659075021744
4.963619261980057
4.968636780977249
4.9196577072143555
5.000000298023224
4.9012671411037445
4.970391243696213
4.256166368722916
4.60063636302948
4.538825750350952
4.299744963645935
4.986081272363663
4.459101557731628
4.832805097103119
4.910463988780975
4.920850545167923
5.000000298023224
4.937380999326706
4.901191294193268
4.9845486879348755
4.972503483295441
4.866412580013275
4.8660776019096375
4.215041697025299
4.91521954536438
4.9719904363155365
4.61833655834198
4.858700633049011
4.894024431705475
4.391820728778839
4.959795773029327
4.951905906200409
4.065621942281723
4.891645461320877
4.479214549064636
4.9802565574646
4.908612370491028
4.585152268409729
3.8638660311698914
4.94442492723465
4.335324764251709
4.759572297334671
4.991275370121002
4.949608743190765
4.999999701976776
4.994265288114548
4.994630515575409
4.907790124416351
4.8384785652160645
5.000000298023224
4.994444400072098
4.937444478273392
4.954975098371506
4.9154843389987946
4.945009499788284
4.981392174959183
4.929605722427368
4.9390073120594025
4.91976261138916
4.960811287164688
4.2733123898506165
4.779016375541687
4.79877308011055
4.967610538005829
4.7425079345703125
4.967529475688934
4.994348436594009
4.917921423912048
4.999062716960907
4.986453354358673
4.353179335594177
4.9946528673172
4.934819936752319
4.9628254771232605
4.9828797578811646
5.0
4.906942248344421
4.944872260093689
4.859655499458313
4.6181342005729675
4.75744754076004
4.999999850988388
4.998071640729904
4.704614877700806
4.96679350733757
4.968050718307495
4.9146968126297
4.92926299571991
4.80175256729126
4.9870529770851135
4.936389327049255
4.888010025024414
4.999999701976776
4.9875569343566895
4.725334197282791
4.152688384056091
4.943737089633942
4.44123387336731
4.970498979091644
4.831691384315491
4.916882514953613
5.0
4.907220900058746
4.242618381977081
4.84967976808548
4.88554984331131
4.904734492301941
4.924260377883911
4.998428523540497
4.88780289888382
4.980409741401672
4.777262359857559
4.920046627521515
4.883536696434021
4.94346097111702
4.967407286167145
4.749857783317566
4.931816458702087
4.956929981708527
4.883339107036591
4.896495044231415
4.890448153018951
4.84165221452713
4.857547432184219
4.959817081689835
4.806676506996155
4.7344958782196045
4.790777266025543
4.919562041759491
4.861346781253815
4.966944456100464
4.829886555671692
4.860037267208099
4.9386776983737946
4.855943024158478
4.878955781459808
4.215226918458939
4.7790177166461945
4.2016080021858215
4.907488524913788
4.813925623893738
4.998046308755875
4.939924329519272
4.765030741691589
4.113063961267471
4.859868884086609
4.8927241563797
4.882742017507553
4.9857281148433685
5.000000298023224
4.518659561872482
5.000000596046448
4.992276728153229
4.99116450548172
4.95475560426712
4.804436564445496
5.000000298023224
4.911219626665115
4.9570029973983765
4.920347481966019
4.844223111867905
4.995894879102707
5.000000298023224
4.937297999858856
4.644300043582916
4.7894346714019775
4.863162338733673
4.25316721200943
4.682376831769943
4.963771104812622
4.986737370491028
4.957606345415115
5.000000596046448
4.895182251930237
4.961310476064682
4.99098926782608
4.643419235944748
4.792454838752747
4.917699247598648
4.9564942717552185
4.974130243062973
4.83110249042511
5.0
4.8415762186050415
4.978853762149811
4.984925538301468
4.997394531965256
4.869196265935898
4.956090152263641
4.944340288639069
3.9940088987350464
4.916880577802658
4.97039258480072
4.7854165732860565
4.937109053134918
4.988058507442474
4.972706288099289
4.883907735347748
4.960653781890869
4.890826940536499
4.87373560667038
4.962476491928101
4.938495010137558
4.827353060245514
4.955404102802277
4.0705859661102295
4.987834244966507
4.995296746492386
4.991722404956818
4.770403951406479
4.8520393669605255
4.990305304527283
4.817845374345779
4.747869521379471
4.954763650894165
4.9448080360889435
4.745831787586212
4.982620477676392
4.940565526485443
4.811079055070877
4.902800619602203
4.953525364398956
4.996190071105957
4.9282509088516235
4.905505478382111
4.91225391626358
4.8907166719436646
5.000000596046448
5.0
4.9006688594818115
4.790935665369034
4.8335446417331696
4.790040552616119
5.0
4.937523603439331
4.985852092504501
4.992276728153229
4.994181394577026
4.983023703098297
4.676081836223602
4.948135316371918
4.731428921222687
4.902688264846802
4.924378544092178
4.993797242641449
4.383319169282913
5.0
4.972131252288818
4.955863952636719
4.873019754886627
4.983452260494232
4.877769947052002
4.721330106258392
4.982499033212662
4.290287345647812
4.543882757425308
4.967541992664337
4.660978019237518
4.945955276489258
4.84165221452713
4.841314852237701
4.91935670375824
4.811915457248688
5.0
4.56265389919281
4.983177334070206
5.0
4.94442492723465
4.845065474510193
4.968255460262299
4.943737089633942
4.955631643533707
4.97548446059227
4.889019280672073
4.9889275431633
4.8929378390312195
4.535428881645203
4.957428425550461
4.984284341335297
4.157485067844391
4.830068796873093
4.92818608880043
4.970168024301529
4.96865302324295
5.0
4.8713067173957825
4.930216073989868
4.789509326219559
4.8586030304431915
4.850320965051651
4.763003438711166
4.949442148208618
4.999999850988388
4.965397119522095
4.939164072275162
4.488965421915054
4.903680682182312
4.767866432666779
4.953855723142624
4.97430220246315
4.855175763368607
4.891917109489441
5.0
4.392234981060028
4.995209276676178
5.0
4.953413009643555
4.999999701976776
4.9486589431762695
4.997735023498535
4.884483069181442
4.956008493900299
4.986590594053268
4.943158030509949
4.914730489253998
4.960737973451614
4.991579949855804
4.942225813865662
4.958860278129578
4.917957782745361
4.9877166748046875
4.9217189848423
4.957999885082245
4.664272218942642
4.976560473442078
4.968971610069275
4.822664707899094
4.996718913316727
4.980644583702087
4.976831078529358
4.863225519657135
4.754362106323242
4.967108517885208
4.257014691829681
4.865273535251617
4.975796192884445
4.9665367603302
4.810291081666946
4.377485513687134
4.82533723115921
5.000000298023224
4.972428679466248
4.737620651721954
4.846730679273605
4.884784519672394
4.984433650970459
4.983940422534943
4.860619604587555
4.961362928152084
4.962902367115021
4.874095469713211
4.769856631755829
4.971191883087158
4.907184988260269
4.862142503261566
4.914672076702118
4.6014198660850525
4.968237429857254
4.997696578502655
4.899826347827911
4.996634870767593
4.985787868499756
4.928826540708542
4.910048842430115
4.978533983230591
4.971097260713577
4.947550594806671
4.980191141366959
4.797982275485992
4.999999701976776
4.921289682388306
4.532855153083801
4.91730123758316
4.964234530925751
4.977022558450699
4.93239089846611
4.991317093372345
4.948806464672089
4.949922114610672
4.974851906299591
4.988784343004227
4.851775616407394
4.784794300794601
4.533115327358246
5.000000596046448
4.79669526219368
5.0
4.906122237443924
4.877241402864456
4.9657487869262695
4.689162969589233
4.831582009792328
4.933135211467743
5.000000298023224
4.976453930139542
4.962952584028244
4.728323221206665
4.995276033878326
4.975599944591522
4.637605249881744
4.755837917327881
4.722847044467926
4.967860281467438
4.859901666641235
4.963657855987549
4.910551756620407
4.841740727424622
5.000000596046448
4.869041293859482
5.000000298023224
4.971201568841934
4.695655107498169
4.883676171302795
4.976358413696289
4.9704863131046295
4.965612292289734
4.838070869445801
4.716417491436005
5.0
4.840961992740631
4.3381403386592865
4.872729927301407
4.859805405139923
4.964584857225418
4.985746145248413
4.993129521608353
4.879725873470306
4.919308423995972
4.984438866376877
4.893964976072311
4.956392049789429
4.969203919172287
4.886747896671295
4.957341849803925
4.836070239543915
4.9705570936203
5.000000298023224
5.0
4.779042750597
4.61833655834198
4.999999850988388
4.962257146835327
4.831027984619141
4.70971018075943
4.410257041454315
4.951485693454742
4.168884754180908
4.815262258052826
4.669761955738068
4.844947457313538
4.937996566295624
4.938149154186249
4.649418592453003
4.639298468828201
4.914098083972931
4.999999701976776
4.857547432184219
4.410866796970367
4.9742501974105835
4.983019232749939
4.773823618888855
4.993162602186203
5.0
4.902845323085785
4.99195396900177
4.86225500702858
4.914087355136871
4.943287521600723
4.9277181923389435
4.744561314582825
4.838070869445801
4.714418798685074
4.928271174430847
4.957861006259918
4.9970367550849915
4.84385073184967
5.000000298023224
4.9726802110672
4.979133903980255
4.890826940536499
5.000000596046448
4.746154695749283
4.137491881847382
4.970013350248337
4.080580323934555
5.000000298023224
4.885492324829102
4.984080195426941
4.347180128097534
4.641307890415192
4.7234901785850525
4.44641187787056
4.93700236082077
4.996367692947388
4.9559348821640015
4.697267860174179
4.710761308670044
4.9897778034210205
4.994941055774689
4.735785722732544
4.82383131980896
4.962841868400574
5.0
4.64657261967659
4.882747828960419
4.911121428012848
5.0
4.969417452812195
4.770677387714386
4.686244428157806
4.965153187513351
4.869922399520874
4.860424101352692
4.90935206413269
4.933944642543793
4.882307052612305
4.992697238922119
4.997629374265671
4.8010483384132385
4.838399738073349
4.9896542727947235
4.999999850988388
4.8708125948905945
4.945325404405594
4.950018376111984
4.5982301235198975
4.950795620679855
4.465426504611969
4.860768020153046
4.827518314123154
4.991271495819092
4.98851016163826
4.513271152973175
4.830495119094849
4.937255382537842
4.970128983259201
4.030968248844147
4.66332420706749
4.969299733638763
4.964723289012909
4.2380982637405396
4.892986565828323
4.970572143793106
4.10601481795311
4.876522421836853
4.805079102516174
4.962841868400574
4.983749985694885
4.61935818195343
4.9973174929618835
4.8121277987957
5.0
4.91336777806282
4.951326847076416
5.000000298023224
4.960266351699829
4.91937130689621
4.8575469851493835
4.756555408239365
4.851515740156174
4.955863952636719
4.982135146856308
4.917265325784683
4.84564870595932
4.992325156927109
4.909355342388153
4.956064224243164
4.927832186222076
4.945710599422455
4.787449836730957
4.900863468647003
4.9710288643836975
4.968405067920685
4.835653603076935
4.993120431900024
4.983652234077454
4.335324764251709
4.978950172662735
4.950505346059799
4.812294542789459
4.94824081659317
4.747002422809601
4.838022589683533
4.906991720199585
4.987506419420242
4.905099868774414
4.98056098818779
4.977180063724518
5.0
5.0
4.912199676036835
4.486683160066605
4.899582862854004
4.684401452541351
4.876072257757187
5.0
4.883709251880646
4.145017713308334
4.963352382183075
4.954632967710495
4.695644527673721
4.8841047286987305
4.985641688108444
4.96031254529953
4.917192608118057
4.883719980716705
4.92572546005249
4.997177273035049
4.797982275485992
4.993872046470642
4.933478087186813
4.192588925361633
4.944065660238266
4.893139004707336
4.149301052093506
4.996132999658585
5.0
4.998525679111481
4.068978726863861
4.954434782266617
4.731988310813904
5.000000298023224
4.880480766296387
4.869359135627747
4.766849726438522
4.551935195922852
4.156728684902191
5.0
4.9757614731788635
4.798752814531326
4.952692985534668
4.83672559261322
4.880437850952148
5.000000298023224
4.913623631000519
4.975115656852722
4.978279769420624
4.973351359367371
4.966047704219818
4.9238234758377075
4.951568394899368
4.959795773029327
5.0
4.988706558942795
4.884784519672394
4.876280725002289
4.912292659282684
4.949757754802704
4.95557576417923
4.9797530472278595
4.500723779201508
4.895555377006531
4.927205145359039
4.945308119058609
4.846970736980438
4.805372357368469
4.921827465295792
5.0
4.962775260210037
4.981319755315781
4.959073513746262
4.953115284442902
4.989105015993118
4.937444478273392
4.8536063730716705
5.0
4.822728335857391
4.700252860784531
4.698336720466614
4.9369436502456665
5.0
4.960946142673492
4.73896399140358
4.800836741924286
4.8717692494392395
4.809026420116425
4.944912642240524
4.849414527416229
4.997366517782211
4.979689121246338
4.8831091821193695
4.554428905248642
4.783591777086258
4.984481632709503
4.789436161518097
4.687880873680115
4.9735622107982635
4.9390073120594025
3.980974555015564
4.944951832294464
4.948955923318863
4.9937839806079865
4.88475427031517
5.000000298023224
5.000000596046448
4.893964976072311
4.79669526219368
4.952060878276825
4.905505478382111
4.873170852661133
4.956328421831131
4.98164638876915
4.910896271467209
4.9563902616500854
4.995024651288986
4.769106209278107
4.991307407617569
4.993837773799896
4.984866827726364
4.851693660020828
4.851822555065155
4.874899089336395
4.8188453912734985
5.0
4.889629781246185
4.911158531904221
5.0
4.141662418842316
4.945008158683777
4.605161547660828
4.817218482494354
4.774378389120102
4.458760321140289
4.9388352036476135
4.8418548703193665
4.868690371513367
4.9516527354717255
4.9773794412612915
4.99296173453331
4.847751408815384
4.173968285322189
4.980582594871521
4.829717576503754
4.287019968032837
4.971530437469482
4.609335958957672
4.929667115211487
4.91817519068718
4.838122129440308
4.284590482711792
4.945510923862457
4.891711473464966
5.0
4.6970027685165405
4.987390041351318
4.336871802806854
4.967541992664337
4.915235340595245
4.906707406044006
4.97163712978363
4.864495694637299
4.932376593351364
4.983880519866943
4.929326176643372
4.161862134933472
4.995984435081482
4.091530442237854
4.893472194671631
5.000000596046448
5.0
4.999999850988388
4.844947457313538
4.90379124879837
4.686244428157806
4.98847633600235
4.8273539543151855
4.903972744941711
4.916791468858719
4.852133095264435
4.091683030128479
4.929930567741394
4.882107675075531
4.934120774269104
4.945981502532959
4.977871477603912
4.87583190202713
4.999999850988388
4.7504255175590515
4.933591783046722
4.808886647224426
4.776270240545273
4.936340749263763
5.0
4.749327898025513
4.975898563861847
4.999999701976776
4.988199919462204
4.93732750415802
4.837079048156738
4.95666891336441
4.944545328617096
4.886358380317688
4.723362624645233
4.291265606880188
4.928028732538223
4.312039762735367
4.461170881986618
4.651634097099304
4.975796192884445
4.52083945274353
4.920832812786102
4.9440997838974
4.914095550775528
4.580265134572983
4.799070507287979
4.969581365585327
4.996514022350311
5.000000596046448
4.8081231117248535
4.804532378911972
4.926847517490387
4.977364540100098
4.783895313739777
4.966261982917786
4.971669018268585
4.8536063730716705
4.999999701976776
4.995236396789551
4.65500146150589
4.908323287963867
4.754302054643631
4.840023219585419
4.82127845287323
4.877178966999054
4.959848374128342
4.094166308641434
4.928776174783707
4.8827871680259705
4.74009245634079
4.942225813865662
4.777838885784149
4.932959824800491
4.865484535694122
4.967413246631622
4.925557971000671
4.700695276260376
4.732177257537842
4.773290604352951
4.978055953979492
4.98461589217186
4.703371077775955
4.979729652404785
4.998079389333725
4.97983381152153
4.566110372543335
4.8445263504981995
4.947215169668198
4.859552830457687
4.997083693742752
4.9573153257369995
4.857608079910278
4.959828704595566
4.9588847160339355
4.893815964460373
4.9124398827552795
4.979546666145325
4.72270131111145
4.863252192735672
4.967697858810425
4.861287027597427
5.000000596046448
4.768947958946228
4.237894713878632
4.736244082450867
4.872840642929077
4.9585504829883575
4.677965044975281
4.9663859605789185
4.971201568841934
4.90062490105629
4.726896733045578
4.9976202845573425
4.987301826477051
4.999999850988388
4.20630007982254
5.000000298023224
4.963627308607101
4.963785111904144
4.861105531454086
4.944633990526199
4.978950172662735
4.94991272687912
4.897586405277252
4.9432989954948425
4.758119881153107
4.716089069843292
4.963642358779907
4.9408698081970215
4.902688264846802
5.000000596046448
4.982084929943085
4.933191537857056
4.999999850988388
4.925192296504974
4.999999850988388
4.8466309905052185
4.885201156139374
4.976664781570435
4.860408455133438
4.912997335195541
5.000000596046448
4.860646426677704
4.99068945646286
4.995236396789551
4.960900694131851
5.000000596046448
4.971654415130615
4.891623854637146
4.9277181923389435
4.860149621963501
4.867293834686279
4.816511571407318
4.944881349802017
4.665989279747009
4.846176505088806
4.87127423286438
4.955516457557678
5.0
4.728614538908005
4.823462665081024
4.953401535749435
4.971020519733429
4.987834244966507
5.0
4.284133166074753
4.953819215297699
4.955822080373764
4.984761327505112
4.483415186405182
4.945889115333557
4.796607196331024
4.908949434757233
4.998486340045929
4.902689903974533
4.992048144340515
4.813789427280426
4.899889230728149
5.000000298023224
4.858700633049011
4.87127423286438
5.0
3.9474740624427795
4.9408698081970215
4.706501662731171
4.651677757501602
4.899826347827911
4.965926110744476
4.774303585290909
4.903901070356369
4.961796402931213
4.965032339096069
4.922219514846802
5.0
4.953589886426926
4.9570029973983765
4.739822298288345
4.401376694440842
4.203593581914902
4.986427128314972
4.803675413131714
4.819428622722626
4.967816025018692
4.911646097898483
4.956131279468536
4.545867294073105
4.992725104093552
4.864716827869415
5.0
4.9563902616500854
4.919959008693695
4.828085750341415
4.889307469129562
4.783895313739777
4.735971689224243
4.830495119094849
4.984562993049622
4.528508186340332
4.960811287164688
4.946241080760956
4.993961155414581
4.060894697904587
4.811915457248688
4.982620477676392
5.000000298023224
4.654335677623749
4.844733476638794
4.9860987067222595
5.000000298023224
4.93732750415802
4.885201156139374
4.9249279499053955
4.935261011123657
4.811130315065384
4.953146278858185
4.889568090438843
4.458760321140289
4.905140846967697
4.975882172584534
5.0
5.000000298023224
4.684157371520996
4.897277057170868
4.950018376111984
4.969027191400528
4.9869199097156525
4.915651082992554
4.877360016107559
4.937443286180496
4.99457374215126
4.897659122943878
4.297222197055817
4.9053955078125
4.969879984855652
4.953444749116898
4.796237498521805
4.812759160995483
4.715618193149567
4.732177257537842
4.96695950627327
4.959294497966766
4.933944642543793
4.999999850988388
5.000000596046448
4.999999403953552
4.8586030304431915
4.905483722686768
4.9593473970890045
4.907273352146149
4.929726421833038
4.822728335857391
4.9415430426597595
4.984734654426575
4.995022416114807
4.959744065999985
4.974898993968964
5.000000298023224
4.838452339172363
4.947248101234436
4.855702519416809
4.200013875961304
4.899698495864868
4.999999850988388
4.9596405029296875
4.8490118980407715
4.885881692171097
4.740473926067352
4.798935502767563
4.964377582073212
4.888719320297241
4.2490555346012115
4.99603271484375
4.930216073989868
4.971446841955185
4.359287321567535
5.000000298023224
4.9123261868953705
4.981721788644791
4.8502205312252045
4.930102229118347
4.922835826873779
4.993869066238403
4.966514855623245
4.867830127477646
4.8925647139549255
4.769334197044373
4.930341392755508
4.968815892934799
4.749857783317566
4.847072064876556
4.4070567190647125
4.9637047946453094
4.982887506484985
4.836097061634064
4.912152737379074
4.848265647888184
4.835534542798996
4.914098083972931
4.775129556655884
4.989480376243591
4.852657914161682
4.356729239225388
4.97179239988327
4.998559057712555
4.799070507287979
4.966955184936523
4.411365240812302
4.792889654636383
4.850395917892456
4.83979195356369
4.994926899671555
4.959740936756134
4.20190304517746
4.976606070995331
4.693858325481415
4.722772538661957
4.8370978236198425
4.996911734342575
4.88554984331131
4.859245717525482
5.000000298023224
4.769045412540436
4.976226389408112
4.50705885887146
4.815625250339508
4.754700064659119
4.9701988697052
4.960700124502182
4.961895644664764
4.887830018997192
4.988418817520142
4.800836741924286
4.90379124879837
4.73550483584404
4.9673715233802795
4.872840642929077
4.927872866392136
4.417573809623718
4.950414597988129
4.930447638034821
4.999999850988388
4.785587638616562
4.99071478843689
4.966411888599396
4.820601046085358
4.8649245500564575
4.979606866836548
4.9240195751190186
4.752312004566193
5.0
4.906508028507233
3.9901164174079895
4.959090501070023
4.90665465593338
4.994465410709381
4.994373023509979
4.908928573131561
4.861417710781097
4.846970736980438
4.996634870767593
4.64023232460022
4.9917444586753845
4.736416935920715
4.999999850988388
4.745063930749893
4.909105598926544
4.910599887371063
4.764346480369568
4.259353578090668
4.812979996204376
4.969070702791214
4.817787408828735
4.914730489253998
4.907030016183853
4.338358938694
4.987472593784332
4.813013970851898
4.410257041454315
4.998577386140823
4.832283705472946
4.991603791713715
5.000000298023224
4.918980896472931
4.977889060974121
4.869196265935898
5.0
4.69004899263382
4.953242838382721
4.899582862854004
4.938978850841522
4.980461299419403
4.922056496143341
4.972211122512817
4.910097718238831
4.249667525291443
4.796237498521805
4.992699772119522
4.974169582128525
4.983023703098297
4.927637279033661
4.95613157749176
4.986886084079742
4.9925753474235535
4.893472194671631
4.97418075799942
4.141019284725189
4.982723295688629
5.000000298023224
4.881782680749893
4.943169355392456
4.975271821022034
4.504436403512955
4.890630543231964
5.000000596046448
4.995296746492386
4.9259962141513824
4.874534904956818
5.0
4.8370495438575745
4.97914731502533
4.2646679282188416
4.999999701976776
5.000000596046448
4.9747589230537415
4.973807334899902
4.990152716636658
4.916791468858719
5.0
4.796140789985657
4.978790879249573
4.782153069972992
4.954017549753189
4.9888792634010315
4.9873630702495575
4.976956248283386
4.715618193149567
4.963141828775406
4.824830591678619
4.440725743770599
4.882074296474457
4.770533740520477
4.964883029460907
4.971470087766647
4.955929666757584
4.935124516487122
4.116133451461792
4.9012938141822815
4.917957782745361
4.984866827726364
4.951905906200409
4.673033654689789
5.000000596046448
4.947354197502136
4.984372109174728
4.873691499233246
4.827591627836227
4.971654415130615
4.986634850502014
4.932036101818085
4.410322606563568
4.258237183094025
4.9211786687374115
4.994952231645584
4.879395067691803
4.815625250339508
4.921554625034332
5.000000298023224
4.8640406131744385
4.89850714802742
4.975424110889435
4.467325210571289
4.642496705055237
4.97039258480072
3.9583346247673035
4.9799545109272
4.998284429311752
5.0
4.980698823928833
4.968688189983368
4.970111399888992
4.9053955078125
4.983929991722107
4.947354197502136
4.9448080360889435
4.451266229152679
4.915858656167984
4.763948023319244
4.998079389333725
4.787931591272354
4.434463530778885
4.997710585594177
4.129854142665863
4.809723794460297
4.814993143081665
4.837404191493988
4.769106209278107
4.919308423995972
4.93566021323204
4.896465241909027
5.0
4.911114573478699
4.895425736904144
4.965976774692535
4.930248260498047
4.935930967330933
4.849345088005066
4.978858083486557
4.743669629096985
4.936195015907288
4.927806705236435
4.96643528342247
4.974397569894791
4.954247772693634
4.970104843378067
4.790935665369034
5.0
4.976173937320709
4.959077537059784
4.991616308689117
5.000000298023224
4.999999701976776
4.851199686527252
4.230494052171707
4.9306245148181915
5.000000298023224
4.8338280618190765
4.866019934415817
5.0
5.000000298023224
5.0
4.896374195814133
5.0
4.805346131324768
4.203391671180725
4.99216765165329
4.312892258167267
4.993131756782532
4.888299107551575
4.80172723531723
4.976615011692047
4.866412580013275
4.713656008243561
4.8736560344696045
4.735377132892609
4.99801442027092
4.9920520186424255
4.945226311683655
4.98452365398407
4.998320639133453
5.000000298023224
4.942312836647034
4.94127556681633
4.9481201171875
4.867884069681168
4.996949732303619
5.0
4.789436161518097
4.987036287784576
4.9871498346328735
4.955436587333679
4.238310754299164
4.51484739780426
4.945588707923889
5.000000596046448
4.978794455528259
4.9781957268714905
4.695655107498169
4.9809278547763824
4.992522448301315
4.870480597019196
4.866215735673904
4.906556606292725
4.957304745912552
4.712377190589905
4.821936190128326
5.000000298023224
4.971510171890259
5.000000298023224
4.831691384315491
5.000000298023224
4.13807675242424
4.930116981267929
4.949193745851517
4.981823712587357
4.9386149644851685
4.9915724992752075
4.734669476747513
4.745025634765625
4.996913820505142
4.2142680287361145
4.980176240205765
4.86783504486084
4.897870421409607
4.374577701091766
4.704614877700806
4.967697858810425
4.873170852661133
4.027363955974579
4.63433638215065
4.98517706990242
4.082385897636414
4.7151850163936615
4.9870701134204865
4.695175737142563
4.107822477817535
4.929584562778473
5.000000298023224
4.882450550794601
5.0
4.842181205749512
5.0
4.988904893398285
5.0
4.993357360363007
4.844656586647034
4.934151470661163
4.938434064388275
4.478237330913544
4.947919249534607
4.736146628856659
4.9159882962703705
4.937524348497391
4.822006821632385
4.979010820388794
4.999999850988388
4.919715225696564
4.878955781459808
4.687498509883881
4.833142459392548
4.6976348757743835
4.683311879634857
3.9566832780838013
4.741861522197723
4.9700722098350525
4.42837655544281
4.9008506536483765
4.897965043783188
4.957516938447952
4.132326692342758
4.9143655598163605
5.0
4.909747391939163
4.419485330581665
4.935624152421951
5.000000298023224
4.994723200798035
4.950907975435257
4.997294545173645
4.959818422794342
4.9480438232421875
4.971020519733429
4.98737096786499
4.9742454290390015
4.966094195842743
4.961796402931213
4.839737415313721
4.754294157028198
4.899998903274536
4.831964522600174
4.964034557342529
4.5893219113349915
4.91804376244545
4.979356825351715
4.83293741941452
4.886920750141144
4.963602274656296
5.0
5.000000298023224
4.767277538776398
4.981655180454254
4.955860674381256
5.000000298023224
4.938302785158157
4.9385687708854675
4.993152618408203
4.987830817699432
5.000000298023224
4.883709251880646
4.879252761602402
4.7344958782196045
4.9222493171691895
4.935178160667419
4.970163106918335
4.643995314836502
5.0
4.877415597438812
5.0
4.869359135627747
4.839909374713898
4.841085076332092
4.902308881282806
4.968543201684952
4.963390231132507
4.96943861246109
5.000000596046448
4.996086955070496
4.940578937530518
4.991516470909119
4.986886084079742
4.84967976808548
4.930834174156189
4.188494980335236
4.135180115699768
4.885832071304321
4.969888925552368
4.978279769420624
4.893139898777008
4.963602274656296
4.914017021656036
4.889307469129562
4.915646016597748
4.893253296613693
4.886838495731354
4.984438866376877
4.956365376710892
4.951942563056946
4.978466629981995
4.966375231742859
4.905237853527069
4.777262359857559
4.97477725148201
4.993797242641449
4.98299315571785
4.863252192735672
4.869733154773712
4.971696436405182
4.972618818283081
4.714736342430115
4.358499199151993
4.9895355105400085
4.988842159509659
4.9938540160655975
4.999999850988388
4.8564313352108
4.937854707241058
4.961760938167572
4.896060824394226
4.938434064388275
4.367867112159729
4.9684178829193115
4.980397820472717
4.952749013900757
4.948135316371918
4.978466629981995
4.963569343090057
4.98747393488884
4.968642890453339
4.894109666347504
4.744561314582825
5.0
4.80253741145134
4.974357634782791
4.104099869728088
4.171102195978165
4.965957701206207
4.9870529770851135
4.968627989292145
4.980397820472717
4.910097718238831
4.711586982011795
4.8081231117248535
4.879725873470306
4.935319423675537
4.811638593673706
4.114082008600235
5.0
5.0
4.9947938323020935
4.801047742366791
4.901038110256195
4.9823154509067535
4.922602474689484
4.942111670970917
4.9717287719249725
4.91804376244545
4.025807827711105
4.820927381515503
4.929667115211487
4.886639714241028
4.92584228515625
4.962535053491592
4.983405917882919
4.987733364105225
4.485418647527695
4.7790177166461945
4.994098395109177
4.8980613052845
4.759169518947601
4.775298982858658
4.106931090354919
4.96670663356781
4.997177273035049
4.9979352951049805
4.879598021507263
4.90710973739624
4.9006688594818115
4.958534240722656
4.899889230728149
4.540920108556747
4.968052506446838
4.912118911743164
4.93239089846611
4.821920692920685
4.901228547096252
4.97576043009758
4.999999552965164
4.9918994307518005
4.607459753751755
4.611864686012268
4.929714947938919
4.852657914161682
4.911817759275436
4.844386577606201
4.795008599758148
4.980849474668503
5.0
4.836070239543915
4.912118911743164
4.8418548703193665
4.413117915391922
4.991603791713715
4.596233814954758
5.0
4.914892017841339
4.9980127811431885
4.272662997245789
4.901036620140076
4.765030741691589
4.835458546876907
4.809749722480774
4.786367416381836
4.923889636993408
4.6893420815467834
4.498833566904068
4.849571883678436
4.929605722427368
4.980096220970154
4.809001684188843
4.971097260713577
4.972786903381348
4.998348951339722
4.990047514438629
4.820601046085358
4.956745356321335
4.961427748203278
4.9720703065395355
4.776342511177063
4.9657487869262695
4.926698803901672
4.935120344161987
4.971885979175568
4.994439482688904
4.961043298244476
4.880030155181885
5.0
4.989591836929321
4.98056098818779
4.935807585716248
4.915393888950348
4.984169155359268
4.951833188533783
4.7295403480529785
5.0
4.970228970050812
4.960104823112488
4.871788322925568
4.861633479595184
4.975814670324326
4.66332420706749
4.42101776599884
4.0558043122291565
4.912292659282684
4.905975162982941
4.371601343154907
4.970163106918335
4.7197215259075165
4.993112236261368
4.314951151609421
4.858522117137909
4.814141094684601
4.943169355392456
5.0
4.975826442241669
4.888299107551575
4.978602826595306
4.771012365818024
4.747055470943451
4.954247772693634
4.9443519115448
4.27961602807045
4.7057390213012695
4.942278861999512
4.773196578025818
4.990433305501938
4.687880873680115
4.246463626623154
5.0
4.92832750082016
4.941712021827698
4.987643659114838
4.42101776599884
4.941712021827698
4.6457549929618835
4.830130934715271
4.988093823194504
4.580265134572983
4.925527274608612
4.987312406301498
4.926505982875824
4.933033734560013
4.9733540415763855
4.934910237789154
4.921646267175674
4.9765267968177795
4.773611277341843
4.989424645900726
4.933224320411682
4.910162836313248
4.929535090923309
5.000000298023224
4.148207306861877
4.9710530042648315
5.0
4.977245777845383
4.96759757399559
4.946807026863098
4.897161275148392
4.927818477153778
4.957678467035294
4.999999850988388
4.836707711219788
4.8230841755867
4.820397645235062
4.635396897792816
4.856460243463516
4.9829429388046265
4.9917808175086975
5.000000298023224
4.897035658359528
4.905540496110916
4.94273453950882
4.812670648097992
4.288641959428787
4.918752312660217
4.611864686012268
4.986808001995087
4.924887865781784
4.990668296813965
4.972207248210907
4.901228547096252
4.54397976398468
4.160032272338867
4.883011877536774
4.9806225299835205
4.970197528600693
4.978949576616287
4.960647821426392
4.654335677623749
4.887088984251022
4.161336421966553
4.848307967185974
4.94346559047699
5.000000298023224
4.874629527330399
4.3289682269096375
4.68517005443573
4.882727265357971
4.817565977573395
4.937492907047272
4.830406904220581
4.847598969936371
4.851287752389908
4.846553802490234
4.897392690181732
4.940798580646515
4.912348836660385
4.334949553012848
4.994872510433197
4.963892996311188
4.971577227115631
4.666877239942551
4.9211786687374115
4.999999850988388
4.969601035118103
4.184306561946869
4.018143117427826
4.945588707923889
4.769856631755829
4.9887169897556305
4.869550168514252
4.227264374494553
4.969402402639389
4.997544586658478
4.95170384645462
4.8162636160850525
5.000000298023224
4.9432989954948425
4.932555556297302
4.9936410784721375
4.918980896472931
4.66949999332428
4.7197215259075165
4.927423000335693
4.485173225402832
4.974352270364761
4.065015614032745
4.989190399646759
4.158658087253571
4.967377036809921
5.000000298023224
4.65977668762207
4.740724861621857
4.945961683988571
4.4070567190647125
4.9189454317092896
4.882718920707703
4.9175333976745605
4.907011687755585
4.9879190325737
4.90967869758606
4.917421191930771
4.855562448501587
4.7419025003910065
4.742458760738373
4.89683210849762
4.633840918540955
4.977858066558838
4.940939843654633
4.8713549971580505
4.2980653047561646
4.9486589431762695
4.9725401401519775
5.0
4.946201592683792
4.788346737623215
5.000000298023224
4.988217800855637
4.924993515014648
4.891822934150696
5.0
4.853221625089645
3.994666337966919
4.511771202087402
4.9694788455963135
4.924701750278473
4.945710599422455
4.4598568975925446
4.9575333297252655
4.936723560094833
4.946483373641968
4.956388771533966
4.2479002475738525
4.981753826141357
4.841861724853516
4.83672559261322
5.0
4.820269346237183
4.9496835470199585
3.925546705722809
4.881795346736908
4.916516691446304
4.987759292125702
4.962263107299805
4.972511976957321
4.911976903676987
4.753972887992859
4.983963072299957
4.994456470012665
4.975898563861847
5.000000298023224
4.934408664703369
4.136834293603897
5.0
4.8771932721138
5.0
4.817787408828735
5.0
4.9934472143650055
4.859197735786438
4.916396737098694
4.826132953166962
4.98725950717926
4.990112483501434
5.000000596046448
4.98714417219162
4.948759526014328
4.974130243062973
5.0
4.954996705055237
4.759572297334671
4.98887225985527
4.926573038101196
4.847865849733353
4.060553461313248
5.000000298023224
4.919715225696564
5.000000298023224
4.940770864486694
4.961505234241486
4.774643033742905
4.950229376554489
4.922785758972168
4.985747933387756
4.112395942211151
4.981721788644791
4.949523210525513
4.812670648097992
5.0
4.819121211767197
4.854837208986282
4.27390843629837
4.962257146835327
4.966955184936523
4.374016225337982
4.999999850988388
4.9523091316223145
4.938226640224457
4.976334869861603
4.966321885585785
4.963181018829346
4.937028586864471
4.9187228083610535
4.8484547436237335
4.736416935920715
4.93840366601944
4.300695955753326
4.98319685459137
4.952147006988525
4.96296614408493
4.9549500644207
4.970869421958923
4.853176772594452
4.9519407749176025
5.0
4.996190071105957
4.802368879318237
4.980191141366959
5.000000596046448
4.886511862277985
4.632132053375244
5.0
4.28366482257843
4.97773140668869
4.988058507442474
4.4747161865234375
4.965612292289734
4.94514986872673
4.933478087186813
4.986693859100342
4.400704652070999
4.806300550699234
5.0
4.636447578668594
4.936268329620361
4.993783384561539
4.857268035411835
4.924993515014648
4.9385687708854675
4.987528622150421
4.8952314257621765
4.865708947181702
4.935208261013031
4.9124398827552795
4.9480438232421875
4.8230841755867
4.704951345920563
4.914088100194931
4.781350344419479
4.982701241970062
4.499707818031311
4.9438560009002686
4.9745021760463715
4.98809352517128
5.0
4.9885982275009155
4.965640902519226
4.8713219165802
4.837224930524826
4.945865273475647
4.679557681083679
4.712298512458801
4.988217800855637
4.855517745018005
4.9951401352882385
4.78812575340271
4.835019409656525
4.93459165096283
4.876997470855713
4.981232285499573
4.921863079071045
4.937373101711273
4.829515218734741
4.969438016414642
4.960925877094269
4.999999701976776
4.985053986310959
4.261516630649567
5.0
4.991014301776886
4.940578937530518
4.96287927031517
4.970228970050812
4.893139004707336
4.927055686712265
4.944946616888046
4.895617365837097
4.722905158996582
4.560694694519043
4.891282916069031
4.068441092967987
4.98517706990242
4.822478145360947
4.87340971827507
4.951827228069305
4.899650514125824
4.99296173453331
4.966094344854355
4.963582754135132
4.985517263412476
4.983435869216919
4.838934391736984
4.948740899562836
4.855978786945343
4.91837665438652
4.148432016372681
5.000000298023224
4.915466159582138
4.798887073993683
4.949856400489807
4.996515661478043
4.218036532402039
4.838774502277374
4.94346097111702
4.9185870587825775
4.231327176094055
4.968405067920685
4.72771093249321
4.981064796447754
4.968642890453339
5.000000596046448
4.988382458686829
4.924188703298569
4.9628254771232605
4.632132053375244
4.954644441604614
4.9705880880355835
4.890385568141937
4.154471457004547
4.831094741821289
4.897586405277252
5.0
4.740709066390991
4.626284837722778
4.926274418830872
4.855511784553528
4.211716651916504
4.9459308385849
4.379109442234039
4.94514986872673
4.93840366601944
4.574524164199829
4.6181342005729675
4.922374486923218
4.9719250202178955
4.975561797618866
5.000000298023224
5.0
4.8907166719436646
4.449908435344696
4.914775788784027
4.734669476747513
4.8645079135894775
4.867944419384003
4.972253143787384
4.9718643724918365
4.879434108734131
4.948955774307251
4.9278441071510315
4.961552321910858
4.769777953624725
4.204322248697281
4.855175763368607
5.0
5.000000298023224
4.722847044467926
4.993129521608353
4.926030486822128
4.018721431493759
4.968815892934799
4.805079102516174
4.129918217658997
4.802394360303879
4.888509809970856
4.9716617166996
4.964699745178223
4.969027191400528
4.993331283330917
4.797840118408203
4.988635778427124
4.7854165732860565
4.937109053134918
4.781047701835632
4.944633990526199
4.726591855287552
4.986146241426468
4.969203919172287
3.941604495048523
4.305008351802826
4.928197115659714
5.0
4.9642738699913025
4.91596058011055
4.9994659423828125
4.991579949855804
4.943612068891525
4.886820018291473
4.798752814531326
4.9160632491111755
4.932411015033722
4.9077388644218445
4.999999701976776
4.774303585290909
4.90311861038208
5.0
4.975962042808533
4.5893219113349915
4.866215735673904
4.9001553654670715
4.998100996017456
4.991436749696732
4.907817989587784
4.829261898994446
4.932515025138855
4.967413246631622
4.932417124509811
4.944442510604858
5.0
4.9178726971149445
4.882714003324509
4.926369935274124
4.975115656852722
4.837045073509216
4.8913925886154175
4.983726441860199
4.835019409656525
4.999999850988388
4.918336272239685
4.927521347999573
4.012202620506287
4.366482496261597
4.957325458526611
4.894559383392334
4.526525139808655
4.964195489883423
4.3124984204769135
4.758540689945221
4.976332634687424
4.954328835010529
4.909747391939163
4.922097325325012
4.937492907047272
4.959107339382172
4.881332367658615
4.972323477268219
4.930209070444107
4.209715723991394
4.833058416843414
4.9451205134391785
4.981350600719452
4.805372357368469
4.896702468395233
4.963390231132507
4.927127957344055
4.526448100805283
5.000000298023224
4.9855539202690125
4.796825051307678
4.972259104251862
4.509338438510895
4.999999552965164
4.96031254529953
4.972727447748184
4.782153069972992
4.868563562631607
5.0
4.988653659820557
4.235076457262039
4.937682598829269
4.982926845550537
4.449908435344696
4.3381403386592865
4.895690679550171
4.95211124420166
4.98219907283783
4.976752549409866
5.000000596046448
5.000000298023224
4.820943921804428
5.0
4.020366817712784
4.986405372619629
4.980409741401672
5.0
4.68517005443573
4.693858325481415
4.83595073223114
4.968534409999847
4.980407953262329
4.999999701976776
4.807055592536926
4.984578490257263
4.949922114610672
4.42013680934906
4.936480820178986
4.985894560813904
4.4692957401275635
5.000000596046448
4.467664957046509
4.978194832801819
4.495302140712738
4.857608079910278
4.956781268119812
4.976624101400375
4.9799297749996185
4.9886006116867065
4.973997473716736
4.233632385730743
4.941522181034088
4.8649245500564575
5.0
4.888908863067627
4.839706718921661
4.999999552965164
4.924420118331909
4.916239827871323
4.910162836313248
4.091773331165314
4.9548932909965515
4.886617660522461
5.000000298023224
5.0
4.982629418373108
4.965842366218567
4.926108419895172
4.975424110889435
4.867884069681168
5.0
4.489520788192749
4.974184036254883
4.999999701976776
4.951767474412918
4.8919788002967834
4.975826442241669
4.82380211353302
4.910522103309631
4.0670232474803925
4.952181577682495
4.263111352920532
4.875320643186569
5.0
4.341147541999817
4.96068000793457
4.9297502636909485
4.975782334804535
5.000000298023224
4.9852049350738525
4.761398732662201
4.981392174959183
4.922179579734802
4.220477938652039
4.867421984672546
4.966016411781311
4.860646426677704
5.000000298023224
4.986124634742737
4.809873104095459
4.972216188907623
4.851337224245071
4.929950535297394
4.960628300905228
4.274953305721283
4.951130449771881
4.332961142063141
4.128985702991486
4.8838841915130615
4.900617599487305
4.971577227115631
4.954028129577637
4.883339107036591
5.0
4.737033247947693
4.99479740858078
4.99603271484375
4.898830950260162
4.157052934169769
4.823729693889618
4.970128983259201
5.0
4.990390092134476
4.972727447748184
4.973637163639069
4.860657453536987
4.912661164999008
4.506588131189346
4.9329909682273865
4.93348628282547
5.0
4.9937839806079865
4.9538445472717285
4.995987117290497
4.514535963535309
4.965466558933258
4.9519407749176025
4.935790151357651
4.463058412075043
4.79107528924942
4.821920692920685
4.884437620639801
4.779042750597
4.998949021100998
4.198386967182159
4.994649738073349
4.995961040258408
4.8502205312252045
4.817560911178589
4.6452853083610535
4.8850975930690765
4.359215646982193
4.886511862277985
4.938445538282394
4.824945628643036
4.7177112102508545
4.969581365585327
4.976902008056641
4.993538856506348
4.977411925792694
4.993200302124023
4.939595460891724
4.99457374215126
4.98479500412941
4.887830018997192
5.000000298023224
4.9611301720142365
4.204199314117432
4.964802265167236
4.830960333347321
4.9904897809028625
4.91642564535141
4.374577701091766
4.948523640632629
4.992783069610596
4.97599720954895
4.9610742926597595
4.952966421842575
4.796140789985657
4.649418592453003
4.97163712978363
4.440729916095734
4.22551691532135
4.988718628883362
5.0
4.9160683155059814
4.976609647274017
4.879423081874847
4.921624064445496
4.282577931880951
4.99496191740036
4.727751165628433
4.811079055070877
4.830692112445831
4.876251816749573
4.9317218363285065
5.000000298023224
4.9585504829883575
4.996959567070007
4.847903698682785
4.290872365236282
4.993267804384232
4.99288022518158
4.911219626665115
4.953699111938477
4.802723973989487
4.810136258602142
4.8717692494392395
4.9629974365234375
4.54397976398468
4.744004905223846
4.776270240545273
5.000000298023224
4.856300204992294
4.8713067173957825
4.88069623708725
4.953853040933609
4.880001395940781
4.143022745847702
4.889978766441345
4.938143938779831
4.99103307723999
4.8971520364284515
4.926698803901672
4.98319685459137
4.999999850988388
4.772485792636871
4.970066994428635
4.954761862754822
4.915473312139511
5.0
4.968085139989853
4.957339316606522
4.904693961143494
5.000000298023224
4.960628300905228
4.878697991371155
4.872165471315384
4.94149312376976
4.554428905248642
4.915721416473389
4.996848106384277
4.970627576112747
4.88795131444931
4.999999701976776
4.829836934804916
4.862715303897858
4.507731348276138
4.940885007381439
4.981293082237244
4.8100437223911285
4.955472499132156
4.954245239496231
4.948382526636124
4.830406904220581
4.86178457736969
4.972689002752304
4.467091858386993
4.932515025138855
4.982493966817856
4.362141191959381
4.807266294956207
5.000000298023224
4.940119683742523
4.937574714422226
4.968772232532501
4.8599873483181
3.8719072937965393
5.000000298023224
4.950180947780609
4.978820979595184
4.949637055397034
4.997537732124329
4.9705880880355835
4.868685007095337
4.982528984546661
4.918851554393768
5.000000298023224
5.0
4.046023637056351
4.369339942932129
4.445095956325531
4.896060824394226
5.000000298023224
4.922835826873779
4.94958370923996
4.908091425895691
4.993272125720978
4.770403951406479
4.747869521379471
4.9570393562316895
4.974254071712494
4.514411240816116
4.873355031013489
4.220726490020752
4.885665327310562
4.930089116096497
4.898649156093597
4.916393309831619
4.9423548579216
4.910896271467209
4.941522181034088
4.951068758964539
4.814993143081665
4.837045073509216
4.841085076332092
4.878604412078857
4.931982159614563
4.840023219585419
4.963109940290451
5.000000298023224
4.999999850988388
4.877415597438812
4.802672564983368
4.999999850988388
5.0
4.440225958824158
4.603540301322937
4.974296689033508
5.000000298023224
4.809026420116425
4.993707239627838
4.9469587206840515
4.243125319480896
5.000000298023224
4.793044477701187
4.991278052330017
4.922440946102142
5.0
4.086372554302216
4.791801571846008
5.0
4.93879109621048
4.984450936317444
4.904734492301941
4.9640630185604095
4.88799661397934
4.911976456642151
4.921419024467468
4.861617833375931
4.864920824766159
4.740297347307205
4.957678467035294
4.674349427223206
4.4044411182403564
4.988735020160675
4.885768741369247
4.94904100894928
4.913619011640549
4.933415949344635
4.961390942335129
4.810117185115814
4.942044019699097
4.777055084705353
4.586133360862732
4.669761955738068
4.981573075056076
4.982568770647049
4.807055592536926
4.946360290050507
4.954703003168106
4.967324882745743
4.949873834848404
4.957437962293625
4.921827465295792
4.960653781890869
4.855262935161591
4.63433638215065
4.8450154066085815
4.934766888618469
4.436861276626587
4.900659918785095
4.991756975650787
4.999999552965164
4.999014884233475
4.960423111915588
4.879254400730133
4.902995228767395
4.860657453536987
4.924420118331909
4.9163298308849335
4.805452823638916
4.763948023319244
4.925671070814133
4.848744869232178
4.84577938914299
4.842664003372192
4.855382144451141
4.905975162982941
4.975264221429825
4.957341849803925
4.736872613430023
4.9673521518707275
4.661579728126526
4.776342511177063
5.0
4.834162592887878
4.9666728079319
4.069034159183502
5.000000298023224
5.000000596046448
4.610935300588608
4.27997499704361
5.0
4.972382038831711
4.913525879383087
4.995787441730499
4.866482317447662
4.986552596092224
4.91817519068718
4.898526966571808
4.864797592163086
5.000000298023224
4.902001172304153
4.776047617197037
5.0
4.181001037359238
5.0
4.41879004240036
4.999999701976776
4.999999850988388
4.982472062110901
4.977425932884216
4.941347241401672
5.000000298023224
5.000000596046448
4.946212470531464
4.923050552606583
5.0
5.0
4.938143938779831
4.921368956565857
4.790777266025543
4.875729084014893
4.4598568975925446
4.358161389827728
4.992048144340515
4.792786538600922
4.997014552354813
5.000000298023224
4.901371896266937
4.172903895378113
4.2153602838516235
4.920347481966019
4.91693452000618
4.663354605436325
4.02923047542572
4.887974560260773
4.965957701206207
4.946454018354416
4.989020675420761
4.918429851531982
4.926401674747467
4.93700236082077
4.976251870393753
4.32490199804306
4.854133129119873
4.872165471315384
4.954644441604614
4.899109601974487
4.976334869861603
4.990525394678116
4.931931644678116
4.820269346237183
4.935434460639954
4.930548816919327
4.999999701976776
4.933415949344635
4.938445538282394
4.900863468647003
4.9920253455638885
4.925347864627838
4.98809352517128
4.986506402492523
4.98461589217186
4.994058609008789
4.93459165096283
4.733136594295502
4.9462369084358215
4.1421449184417725
4.928849637508392
5.000000298023224
4.9407705664634705
4.6906863152980804
4.903414100408554
4.831964522600174
4.871802031993866
4.715249687433243
4.815144091844559
4.965976774692535
4.8936522006988525
4.956216812133789
4.888218641281128
4.36464786529541
4.980804473161697
4.868320524692535
4.9643442034721375
4.9827951192855835
4.158984422683716
4.974898993968964
4.74009245634079
4.7151850163936615
4.841861724853516
4.914672076702118
4.924865514039993
4.972647428512573
4.954997152090073
4.992403090000153
4.9690259993076324
4.709423780441284
4.919192790985107
4.778729975223541
4.950040578842163
4.344747215509415
4.53939825296402
4.928271174430847
4.82063353061676
4.999999850988388
5.0
5.0
4.99691054224968
3.952432870864868
4.166091978549957
5.0
4.907674789428711
4.99684676527977
4.9691131711006165
4.988842457532883
4.792481064796448
5.000000298023224
4.921591132879257
4.915982931852341
4.927054047584534
4.899760484695435
4.1831074655056
4.953401535749435
4.224198162555695
4.999999850988388
4.9642738699913025
4.8330095410346985
4.412684142589569
4.758031070232391
4.980048388242722
4.949636310338974
5.0
4.920515269041061
4.905625879764557
4.863669574260712
4.998368471860886
4.46943461894989
4.973636716604233
4.990728944540024
4.961344003677368
4.909930974245071
4.273056238889694
4.936907738447189
4.781350344419479
4.999999701976776
5.0
4.927872866392136
5.000000298023224
4.972768276929855
4.770290851593018
4.80172723531723
4.7234901785850525
4.929577708244324
4.981134533882141
4.881632626056671
4.959953129291534
4.794162809848785
5.000000298023224
4.978656470775604
5.000000298023224
4.6552108228206635
4.92144376039505
4.777838885784149
4.794544279575348
5.0
4.73568320274353
4.815099388360977
4.887166917324066
4.994292706251144
4.836054444313049
4.478407055139542
4.684445410966873
4.956222027540207
4.926369935274124
4.486868679523468
4.916137754917145
5.000000596046448
4.974169582128525
4.845017492771149
4.695175737142563
4.996255934238434
4.832837730646133
4.83733057975769
4.484981596469879
4.956859648227692
4.929499328136444
4.841534793376923
4.908245354890823
4.997093677520752
4.967638552188873
5.000000298023224
4.931627064943314
5.0
5.0
4.973843693733215
5.000000298023224
4.077746570110321
4.8338280618190765
4.9070143699646
4.947284460067749
4.929342120885849
4.873832613229752
4.811638593673706
4.779016375541687
4.991926550865173
4.983452260494232
4.986131489276886
4.979556053876877
4.555330574512482
5.0
4.240700304508209
4.9986496567726135
4.996980130672455
4.715540856122971
4.94031697511673
4.797900021076202
4.927273988723755
4.7294071316719055
4.270787388086319
4.983470588922501
4.965069591999054
4.99444767832756
4.920884668827057
4.982621669769287
4.601992964744568
4.9700722098350525
4.907817989587784
4.942155182361603
4.994096755981445
4.110678136348724
4.315473437309265
4.8490118980407715
4.87735703587532
4.9584610760211945
4.948576092720032
4.952125996351242
4.921458512544632
4.806300550699234
4.9554237723350525
4.997218996286392
4.979156851768494
4.3810562789440155
4.816511571407318
4.899998903274536
4.94763046503067
4.9266937375068665
4.557643532752991
4.844733476638794
4.6976348757743835
5.000000596046448
4.9873217940330505
5.0
4.94168683886528
4.290815591812134
4.847751408815384
5.000000596046448
4.7973014414310455
4.931769669055939
4.292830526828766
4.934910237789154
4.595102518796921
4.775129556655884
4.9210236966609955
4.989484399557114
4.7993578016757965
4.992036670446396
4.859552830457687
5.000000298023224
4.944508820772171
4.94615912437439
4.994318336248398
4.984036087989807
4.8860955238342285
4.1279566287994385
4.731428921222687
4.995361417531967
5.000000596046448
4.65117022395134
5.000000298023224
4.919562041759491
4.999999850988388
4.9459308385849
5.000000298023224
4.44877564907074
4.853176772594452
4.850008189678192
4.915873110294342
4.9758173525333405
4.903972744941711
4.859868884086609
4.558873474597931
4.807745814323425
4.981022477149963
4.985504150390625
4.936418831348419
4.9593691527843475
4.911606311798096
4.882742017507553
4.715155810117722
4.769045412540436
4.882209897041321
4.956513941287994
4.965002089738846
4.937971234321594
4.9187228083610535
4.9417445063591
5.000000596046448
4.983756840229034
5.000000298023224
4.9880968034267426
4.895182251930237
4.97308224439621
5.000000596046448
4.927808195352554
4.988418817520142
4.986398816108704
4.94871199131012
4.961970746517181
4.458609521389008
4.289933145046234
4.985680133104324
4.253252446651459
4.991659075021744
5.0
4.960266351699829
4.990047514438629
4.986446797847748
4.917682409286499
4.258001148700714
4.9174657464027405
4.867235869169235
5.000000298023224
4.979640543460846
4.746899753808975
4.9017637968063354
4.956053644418716
4.9096523225307465
5.0
4.957220107316971
4.929144084453583
4.8473867774009705
4.90550696849823
5.000000298023224
4.260394424200058
4.989789426326752
4.94352251291275
4.953450262546539
5.0
4.9717287719249725
4.557481110095978
4.627559036016464
4.92933452129364
4.828590452671051
4.365618526935577
4.82380211353302
4.98222291469574
4.137158691883087
4.789904206991196
4.969325363636017
4.930068403482437
4.980366080999374
4.999999701976776
4.558389633893967
4.663357138633728
4.727613776922226
4.999999850988388
4.983185976743698
5.000000596046448
4.927412569522858
5.0
4.900562912225723
4.790040552616119
4.966047704219818
4.735638201236725
4.155901670455933
4.98887225985527
4.955577105283737
4.9216920137405396
5.000000298023224
4.882718920707703
4.9914611876010895
4.999999701976776
4.931121617555618
4.656664282083511
4.341147541999817
4.911088943481445
4.17679101228714
4.856193661689758
4.998929798603058
4.953391999006271
4.685818254947662
5.000000298023224
4.990073144435883
4.965152144432068
4.945264756679535
4.93072584271431
4.97914731502533
4.8869407176971436
4.934438765048981
5.0
4.714736342430115
4.523625671863556
4.950103461742401
4.872913658618927
4.956787973642349
4.997173994779587
4.912251532077789
4.128305912017822
4.901371896266937
4.999999850988388
3.9972707629203796
4.502947628498077
4.972182512283325
4.900303781032562
4.367605596780777
4.987445771694183
4.995408207178116
4.664272218942642
4.891407489776611
4.878581762313843
4.745025634765625
5.000000298023224
4.78832021355629
4.939846396446228
4.897999465465546
4.854133129119873
4.970820844173431
4.838230758905411
4.916569888591766
4.974184036254883
4.9710288643836975
4.417573809623718
4.957385063171387
4.924807846546173
5.000000596046448
4.821936190128326
4.994714260101318
4.973224550485611
4.975656121969223
4.986504465341568
4.872896075248718
5.0
4.982729405164719
4.928571283817291
4.959480166435242
4.153702259063721
4.996567070484161
4.948431104421616
4.96181383728981
4.932678937911987
4.938407242298126
4.91453543305397
4.965464174747467
5.000000596046448
4.955748617649078
4.387200623750687
4.643668234348297
5.000000596046448
5.0
4.997698366641998
4.9303138256073
4.951549470424652
4.826158881187439
5.0
4.809079170227051
4.973175376653671
4.888010025024414
4.451266229152679
4.895933270454407
5.0
4.995457828044891
4.891917109489441
4.970168024301529
4.989030361175537
4.990237057209015
4.992576539516449
4.894598722457886
4.941928833723068
5.0
4.972338974475861
4.109295606613159
4.924887865781784
4.877903908491135
4.888015389442444
5.0
4.993398487567902
4.754302054643631
4.9281324446201324
4.911734759807587
4.94840994477272
4.95475709438324
4.734123349189758
4.9939897656440735
4.967128336429596
4.686217308044434
4.9301400780677795
4.267396032810211
5.0
4.966063350439072
4.983450323343277
4.992690980434418
4.981293082237244
4.940578639507294
4.92960125207901
3.914157450199127
4.425251930952072
5.0
5.000000596046448
4.877360016107559
5.0
4.955822080373764
4.9378132820129395
4.773196578025818
4.933224320411682
5.0
4.0498921275138855
4.9282388389110565
4.893139898777008
4.8936522006988525
4.9862633645534515
4.671950936317444
4.891287833452225
4.889466762542725
4.072599709033966
