4.781761467456818
4.457277208566666
4.696549773216248
4.920492470264435
4.672264605760574
4.615458995103836
4.775205850601196
4.721902757883072
4.940665066242218
4.9656787514686584
4.635722488164902
4.656638503074646
4.828465431928635
4.873229563236237
4.680350571870804
4.8218633234500885
4.933240115642548
4.778874218463898
4.767919480800629
4.865177720785141
4.750618189573288
4.645562469959259
4.538993537425995
4.675484001636505
4.900623857975006
4.880829155445099
4.862297773361206
4.8706114292144775
4.733914285898209
4.688896536827087
4.826533794403076
4.740069806575775
4.691535830497742
4.628103971481323
4.812155216932297
4.84995573759079
4.710346311330795
4.6698810160160065
4.492613673210144
4.555661976337433
4.41834419965744
4.535982608795166
4.851057380437851
4.813360571861267
4.6178098022937775
4.373410791158676
4.856717735528946
4.689102470874786
4.802072644233704
4.639485478401184
4.877133369445801
4.5042385160923
4.843339920043945
4.836102724075317
4.75654736161232
4.753951579332352
4.872310906648636
4.81535017490387
4.927331656217575
4.615073055028915
4.754856824874878
4.791167974472046
4.866371303796768
4.849893897771835
4.371955990791321
4.722890108823776
4.756599962711334
4.800841212272644
4.9318815767765045
4.729776084423065
4.78285938501358
4.869036376476288
4.84525591135025
4.813107550144196
4.780853986740112
4.892808347940445
4.872385710477829
4.701763838529587
4.645972102880478
4.885629117488861
4.8711735010147095
4.8489923775196075
4.938579499721527
4.849577248096466
4.651117622852325
4.769730865955353
4.781442582607269
4.527911394834518
4.522197842597961
4.675643146038055
4.536650478839874
4.740491807460785
4.729101061820984
4.602065682411194
4.3520288169384
4.981488585472107
4.618365615606308
4.358546137809753
4.765104353427887
4.7815439105033875
4.499925822019577
4.82098251581192
4.736458361148834
4.85881507396698
4.6329498291015625
4.71011608839035
4.591543674468994
4.640000760555267
4.493918567895889
4.692665487527847
4.873176664113998
4.737378358840942
4.557167887687683
4.769183099269867
4.912417829036713
5.000000298023224
4.773550778627396
4.3843019008636475
4.245660901069641
4.758109748363495
4.820869565010071
4.917134940624237
4.873520582914352
4.689589142799377
4.445062875747681
4.597314149141312
4.342862069606781
4.758176505565643
4.785373657941818
4.637773633003235
4.836464822292328
4.70076709985733
4.669845849275589
4.785240143537521
4.570253491401672
4.367837160825729
4.231149107217789
4.744630753993988
4.783987402915955
4.844572842121124
4.38151627779007
4.407142996788025
4.743185192346573
4.2900291085243225
4.725966602563858
4.877859354019165
4.642788767814636
4.566277265548706
4.78723868727684
4.954531043767929
4.139581918716431
4.531797468662262
4.713216572999954
4.730203747749329
4.926325678825378
4.5650725066661835
4.716531336307526
4.582432210445404
4.865099340677261
4.887924641370773
4.437852501869202
4.6835920214653015
4.503057152032852
4.379106760025024
4.701893329620361
4.715685844421387
4.697826951742172
4.836402535438538
4.814198911190033
4.5568132400512695
4.783161133527756
4.927379488945007
4.849777966737747
4.71186488866806
4.495586454868317
4.730782210826874
4.828055053949356
4.409849941730499
4.846551716327667
4.914424419403076
4.6141089498996735
4.5445263385772705
4.909612685441971
4.554992318153381
4.819316267967224
4.780890345573425
4.1485849022865295
4.605911374092102
4.576626420021057
4.750331938266754
4.356136471033096
4.772547781467438
4.751238822937012
4.8821404576301575
4.195389002561569
4.8082491755485535
4.577969014644623
4.743580520153046
4.656042456626892
4.484160840511322
4.721393585205078
4.573320150375366
4.516071677207947
4.4525521993637085
4.309468567371368
4.811509996652603
4.7025467455387115
4.482860416173935
4.186685532331467
4.583615660667419
4.5325493812561035
4.48235958814621
4.5603615045547485
4.5470112562179565
4.741537868976593
4.681340754032135
4.606332927942276
4.5588478446006775
4.648832976818085
4.264780431985855
4.8356518149375916
4.728394150733948
4.438009560108185
4.195233881473541
4.868570566177368
4.739343225955963
4.770622253417969
4.84846293926239
4.009356051683426
4.9413275718688965
4.847290962934494
4.8665255308151245
4.599333107471466
4.712806791067123
4.87323522567749
4.728261083364487
4.0167054533958435
4.6814826130867
4.815008044242859
4.524049460887909
4.601317048072815
4.799498021602631
4.699396342039108
4.398721009492874
4.820969253778458
4.260096848011017
4.631430506706238
3.9632490277290344
4.234025180339813
4.754729866981506
4.445843994617462
4.685726016759872
4.482274055480957
4.8199474811553955
4.134296625852585
4.5596615970134735
4.640355110168457
4.125241339206696
3.6803753674030304
4.338260740041733
4.464180022478104
4.884790778160095
4.455934315919876
4.7610804438591
4.577343463897705
4.826467931270599
4.79282021522522
4.613286107778549
4.803566932678223
4.136810898780823
4.526883959770203
4.811094105243683
4.363454729318619
4.6098892390728
4.739264398813248
4.424121677875519
4.438513219356537
4.195408821105957
4.610587507486343
4.447227716445923
4.32787150144577
4.437686651945114
4.4854238629341125
4.152461141347885
4.624996185302734
4.801502227783203
4.540509730577469
4.48309600353241
4.402746856212616
4.3405649065971375
4.441416263580322
4.201269149780273
4.299054145812988
4.346265196800232
4.411146193742752
4.879495054483414
4.516330063343048
4.544555246829987
4.686750918626785
4.467780739068985
4.393854588270187
3.746303915977478
4.615246057510376
4.289935529232025
4.510180503129959
4.450018107891083
4.391894042491913
4.468125104904175
4.174559414386749
4.681228846311569
4.830614477396011
4.810198098421097
4.346387088298798
4.413098692893982
4.282692521810532
4.525851309299469
3.888697624206543
4.628657698631287
3.7758830189704895
4.733036011457443
4.365958869457245
4.26054060459137
4.634077548980713
4.383082687854767
4.459933936595917
4.17703703045845
4.602909833192825
4.6175894141197205
4.6002501249313354
4.804277867078781
4.7106218338012695
4.619274139404297
4.808234870433807
4.783611744642258
4.537697285413742
4.505709260702133
4.91302102804184
4.709310829639435
4.605323076248169
4.5282889902591705
4.714368283748627
4.34783548116684
4.541352391242981
4.358028173446655
4.829393923282623
4.636385440826416
4.169524908065796
4.465605169534683
4.370720386505127
4.436140954494476
4.569303095340729
4.598865807056427
4.7324830293655396
4.003233164548874
4.297515004873276
4.609407186508179
4.722541868686676
4.514390230178833
4.3246448040008545
4.70038577914238
4.124242663383484
4.592660516500473
4.408393204212189
4.593859016895294
3.6530590057373047
4.397493004798889
4.440818130970001
4.31854322552681
4.756435304880142
4.416192919015884
4.5501187443733215
4.466713070869446
3.6070773005485535
4.845598936080933
4.71668154001236
4.455786645412445
4.726490080356598
4.600600451231003
4.175502359867096
4.216902554035187
4.056171476840973
4.726729542016983
4.644352346658707
4.671254754066467
4.492282569408417
4.571521729230881
3.964851200580597
4.749921560287476
4.710468351840973
4.537487775087357
4.783599376678467
4.451447129249573
4.441361427307129
4.948847740888596
4.560510814189911
4.707430154085159
4.690966010093689
3.9654120802879333
4.668264985084534
4.753968566656113
4.392833858728409
3.9004483819007874
4.2492203414440155
4.706399142742157
4.690755605697632
4.6750253438949585
4.558369815349579
4.534254968166351
4.471762478351593
4.705241918563843
4.636562764644623
4.396041035652161
3.9673542976379395
3.9614634215831757
4.190357178449631
4.421228915452957
4.705078154802322
4.346964955329895
4.540194272994995
4.2836906015872955
4.653565287590027
4.081353545188904
3.8030916452407837
4.351110756397247
4.304541647434235
4.242891073226929
4.110263288021088
4.5949093997478485
4.779482036828995
3.7195835262537003
4.254848808050156
4.4580091536045074
4.441478252410889
3.756021559238434
4.283645153045654
3.9730599522590637
4.277684390544891
4.066777676343918
4.37890887260437
4.45794552564621
4.153473973274231
4.682334363460541
4.1683125495910645
4.630237519741058
4.443251937627792
4.152383208274841
4.163797199726105
4.057580530643463
4.675346612930298
4.08709853887558
4.652861952781677
4.775497764348984
3.9721524715423584
4.260950684547424
4.6431609988212585
4.749492704868317
4.483858048915863
4.067455232143402
3.7991100549697876
4.255588799715042
4.2214177548885345
4.089679419994354
4.388257563114166
3.329898566007614
4.502025246620178
4.659784436225891
3.9805692434310913
4.344717115163803
4.9346789717674255
4.42983016371727
4.234910607337952
4.455927610397339
4.779180884361267
4.695195704698563
4.284883588552475
3.7215368449687958
4.610406160354614
4.521046876907349
4.21208992600441
4.3781578540802
3.952449858188629
4.181224703788757
4.81148362159729
4.187230467796326
3.83304625749588
4.122696816921234
4.356236010789871
4.2603470385074615
4.265166521072388
4.251775741577148
4.054556638002396
4.189571887254715
4.472001791000366
4.077807366847992
4.323394298553467
4.234038293361664
4.353725612163544
4.657109379768372
4.727908968925476
4.387500882148743
3.7340858578681946
3.919670879840851
3.62714946269989
4.701276421546936
4.173138588666916
4.309963583946228
4.202689528465271
4.180656522512436
4.269955903291702
4.643346071243286
4.531029313802719
4.766137003898621
4.297751188278198
4.129555821418762
4.431752562522888
4.616529047489166
4.333591461181641
4.568028897047043
3.974912166595459
4.180241823196411
4.317616969347
3.8828812539577484
4.52819287776947
4.3319350481033325
4.344417452812195
4.378514289855957
3.773113042116165
4.114354997873306
4.292972385883331
4.2413172125816345
3.81047323346138
4.303695559501648
3.9431260526180267
4.210742712020874
4.026259928941727
4.676649123430252
4.6187156438827515
4.0851543843746185
4.158535152673721
4.328624606132507
4.0706488490104675
4.247912913560867
3.903930187225342
3.976489007472992
4.103050231933594
4.733293652534485
3.9711320400238037
3.875235915184021
4.531994163990021
4.590529203414917
4.532352089881897
4.37143474817276
4.842607527971268
4.300432503223419
4.500162750482559
4.583726227283478
4.251685440540314
4.182310849428177
4.616753458976746
4.110889136791229
4.104422628879547
4.483201205730438
4.746670424938202
4.603278040885925
4.488267004489899
4.7713403403759
4.047660231590271
4.366584271192551
4.294248819351196
4.271773248910904
3.8590259850025177
3.895975351333618
3.4840352088212967
4.130153208971024
4.533063769340515
4.36398446559906
3.7958334386348724
4.538123160600662
4.176847040653229
4.1856323182582855
4.235181510448456
4.18366938829422
4.4279032945632935
4.003501087427139
3.9129960536956787
4.360302090644836
4.529191106557846
4.124065339565277
4.264357388019562
4.319635778665543
4.397035837173462
4.2994169890880585
4.495458155870438
4.203227162361145
3.8249024748802185
3.9191974699497223
3.665030747652054
3.57841819524765
4.316473007202148
4.111373722553253
4.0898555517196655
4.12569522857666
3.9109349250793457
3.643867000937462
4.428751468658447
3.774365186691284
4.38692182302475
3.823903203010559
4.43347692489624
4.147961437702179
3.4763649106025696
3.8142195343971252
3.733753263950348
4.551502466201782
4.334633648395538
4.024535417556763
4.321877956390381
3.873852640390396
4.667202681303024
3.7657447159290314
4.05509740114212
3.316529020667076
4.221121668815613
4.691134989261627
3.5732491314411163
4.416421353816986
3.542475253343582
4.213123917579651
4.2216956615448
3.5151049494743347
4.646119773387909
3.743077889084816
3.954361528158188
3.9836321771144867
3.4243641048669815
4.167346209287643
3.624212294816971
3.5784106701612473
3.9225372672080994
4.113781154155731
4.107757806777954
4.515662342309952
4.125859290361404
4.267405122518539
4.384065866470337
3.6549368500709534
4.507668614387512
4.345127642154694
4.2216382920742035
4.173721671104431
4.300025403499603
4.388202875852585
4.347683787345886
4.550009071826935
3.5767582058906555
4.309961199760437
3.4125740826129913
3.564785271883011
4.606967717409134
3.4835879504680634
4.1405288875103
4.778199791908264
3.8308440148830414
4.368413090705872
3.8019435107707977
4.5041438937187195
4.649776816368103
3.6684035509824753
4.267071783542633
3.8654449582099915
3.9096778631210327
3.9794227480888367
4.056247174739838
4.249527454376221
3.840761035680771
4.481286704540253
4.0438105165958405
4.385110288858414
4.031696319580078
3.8099604845046997
3.986378312110901
3.989921510219574
3.9528122544288635
4.0223997831344604
4.258916229009628
4.577010124921799
3.8953906297683716
4.657125025987625
4.191804379224777
3.9942656457424164
4.00685727596283
3.6246688663959503
3.390643447637558
4.2607298493385315
4.352782070636749
4.0848371386528015
3.510347306728363
4.444921314716339
4.043481945991516
3.586782068014145
3.421608656644821
4.140302985906601
3.63172210752964
3.520086854696274
4.737714529037476
3.320716544985771
4.144185036420822
4.016571938991547
3.9162200689315796
3.1587615609169006
4.41844642162323
4.43899005651474
4.581762105226517
3.7471241503953934
4.632904678583145
3.437657430768013
4.081427603960037
3.5342013835906982
4.473271816968918
3.827596604824066
3.3814984560012817
4.40265417098999
4.663131237030029
3.7278591096401215
4.151849001646042
4.169978201389313
4.121599495410919
3.681454360485077
3.9536678791046143
3.6371976137161255
4.149951338768005
4.604655206203461
3.639189898967743
3.861841857433319
4.010249972343445
4.0352678298950195
3.1541649997234344
4.093630611896515
3.865599036216736
4.300274103879929
4.555382132530212
3.8859905302524567
4.243550598621368
3.9804649353027344
3.761889934539795
4.686330854892731
4.127936363220215
4.07395139336586
3.700792044401169
4.141764342784882
4.010484963655472
4.129349589347839
4.044540971517563
3.7284836173057556
3.6337485909461975
3.7425658106803894
3.8199467957019806
4.263134449720383
4.074874818325043
4.107970595359802
4.077758193016052
4.025906920433044
3.7059637904167175
3.6049358546733856
4.0793536603450775
3.661114275455475
3.2543425261974335
4.527474939823151
4.367299675941467
3.3221226930618286
4.066628664731979
2.5682285288348794
4.327212572097778
3.586522787809372
3.7935781478881836
3.0716287344694138
4.424428045749664
3.6090296506881714
4.0907081961631775
4.0144944190979
3.8682860136032104
3.33733931183815
4.078566879034042
3.7186964601278305
4.297304153442383
3.9113718271255493
4.593380838632584
3.277345448732376
3.904920816421509
4.072206020355225
4.395096004009247
4.248130619525909
3.9420874416828156
4.007366448640823
4.36141699552536
4.745538383722305
4.866369962692261
4.9025629460811615
4.899059385061264
4.5246657729148865
4.529495537281036
4.757307767868042
4.946013391017914
4.855753481388092
4.836511164903641
4.8820760846138
4.85282838344574
5.000000298023224
4.931209981441498
4.579697847366333
4.248020201921463
4.6157583594322205
4.913218468427658
4.062262177467346
4.593673348426819
4.7736528515815735
4.67170774936676
4.7197286784648895
4.929808974266052
4.8654961585998535
4.597465842962265
4.744049161672592
4.594501256942749
4.896456152200699
4.793765097856522
4.729144275188446
4.9278900027275085
4.425756633281708
4.70046192407608
4.0329232811927795
4.423503577709198
4.926472306251526
4.575783461332321
4.952598363161087
4.901313483715057
4.93267297744751
4.555738121271133
4.848980754613876
4.0392038226127625
4.812522232532501
4.798887073993683
4.866078943014145
4.043116569519043
4.7601318359375
4.016315340995789
4.585215747356415
4.898879528045654
4.9002644419670105
4.927869439125061
4.889952838420868
4.89081934094429
4.7751158475875854
4.856275171041489
4.896990805864334
4.720621854066849
4.5532384514808655
4.621840864419937
4.8194146156311035
4.7904834151268005
4.787057936191559
4.860754907131195
3.1305821239948273
3.7123437970876694
4.6424612402915955
4.803538024425507
4.8962558805942535
4.878222346305847
4.112209975719452
4.472755044698715
4.351800382137299
4.152415692806244
4.356420040130615
4.964702278375626
4.881154447793961
4.790404438972473
4.813097417354584
4.57739993929863
4.655653238296509
4.439782500267029
4.872371554374695
4.897749423980713
4.884831458330154
4.876153767108917
4.879785031080246
4.877680540084839
4.13548544049263
4.07909095287323
4.370390474796295
4.624443203210831
4.851129651069641
4.22374427318573
3.929150402545929
3.9221876859664917
4.704148322343826
4.682240188121796
3.745003640651703
4.819046258926392
4.818074256181717
4.480434954166412
4.8796142637729645
4.699229151010513
4.470398277044296
4.681809097528458
4.888717532157898
4.398910999298096
4.836823344230652
4.809783399105072
4.483674764633179
4.57285612821579
4.448290020227432
4.369180053472519
4.377143383026123
3.7462593615055084
4.759859144687653
4.614558517932892
4.351020455360413
4.498521089553833
4.882273077964783
4.418373852968216
4.408382028341293
4.386650025844574
3.8622769713401794
4.468414932489395
4.245714843273163
4.321996569633484
4.067179560661316
4.061156362295151
4.413474500179291
4.25079882144928
4.8053885996341705
4.567601680755615
4.528542011976242
4.4870322942733765
4.6292270720005035
4.7934602200984955
4.167884588241577
4.2680564522743225
4.444971978664398
4.31696355342865
4.353957772254944
4.029119312763214
3.529759496450424
4.198969900608063
3.9778974652290344
4.568633437156677
4.520129859447479
4.4768136739730835
4.074616730213165
4.065495729446411
4.181158542633057
4.186343848705292
4.004974961280823
4.131714105606079
4.607119560241699
4.433169215917587
4.1186776757240295
4.70567911863327
4.215397834777832
3.524863123893738
4.821524918079376
4.583418667316437
4.81410026550293
4.442800581455231
4.742892235517502
4.772869199514389
4.1352978348731995
4.352778494358063
4.438453763723373
3.5440823435783386
4.663784950971603
3.7389905005693436
4.284696877002716
4.7058627009391785
3.6556632071733475
4.824329912662506
4.279936850070953
4.800728410482407
4.629664123058319
4.470129311084747
3.9878886938095093
4.183411002159119
4.240898787975311
4.338992238044739
4.40246194601059
4.754954427480698
3.617739975452423
4.269097149372101
4.3675366044044495
4.516599774360657
4.61432471871376
4.539290368556976
4.102260768413544
4.849753379821777
4.352664649486542
3.2153255492448807
4.33938056230545
4.586467742919922
3.890911489725113
3.8982680439949036
4.178093671798706
4.359025359153748
4.334606826305389
4.7787705063819885
4.230039566755295
4.081149250268936
3.6722321808338165
4.126323759555817
4.587395042181015
4.621182978153229
4.125199317932129
3.8397374749183655
4.26023930311203
4.547688066959381
4.480569362640381
4.706064760684967
4.352717995643616
4.215655028820038
4.676872491836548
4.315725564956665
4.292030334472656
4.258916079998016
4.597138166427612
4.668600261211395
4.167765378952026
4.25175279378891
3.5180673748254776
4.1940949857234955
4.202005118131638
4.259837865829468
3.6485033482313156
3.746154010295868
4.372944533824921
4.764849692583084
4.3449366092681885
4.158841669559479
4.700425565242767
3.9429906010627747
3.826417922973633
3.4818270802497864
3.4149660170078278
4.875865578651428
3.66804338991642
4.3431442975997925
3.6912575364112854
4.2108213901519775
4.373867213726044
3.9602088928222656
4.107501059770584
3.3752916753292084
4.073893129825592
4.532975107431412
4.473929703235626
3.33029568195343
4.11612406373024
4.291852712631226
4.173679202795029
3.854440003633499
4.003976285457611
4.483288675546646
4.020945429801941
4.519275426864624
4.118760973215103
3.607427105307579
3.911491185426712
4.632132351398468
3.7594085931777954
4.273204207420349
4.576264023780823
3.943459838628769
4.693304896354675
3.6567576229572296
4.107085019350052
4.557068049907684
4.575076699256897
4.214564263820648
3.2976187765598297
3.3900749683380127
4.892895817756653
4.023205637931824
4.086995422840118
3.391634076833725
3.719671070575714
4.616992473602295
4.810583740472794
3.6717307567596436
4.716998934745789
4.02698740363121
4.026343524456024
4.273301213979721
4.158603549003601
3.4826909005641937
4.244709610939026
3.80694642663002
4.272943139076233
4.220093786716461
4.572153985500336
4.327077120542526
3.723290041089058
4.019119143486023
4.1434429585933685
3.5346288979053497
4.346940517425537
3.5908690094947815
4.715561270713806
4.575954973697662
3.938244581222534
4.474765658378601
3.582860603928566
3.3779561519622803
4.078190624713898
3.7966036796569824
4.620118141174316
3.378090411424637
3.328363075852394
3.5363563895225525
3.813401013612747
4.440580904483795
3.8526545464992523
4.353944808244705
3.7681543827056885
4.4016216695308685
3.2489077746868134
3.800435960292816
3.4743837267160416
3.637608140707016
4.356311559677124
4.087083041667938
4.3352073431015015
4.055193215608597
4.470950663089752
4.321385324001312
3.98454412817955
4.005882143974304
4.145999848842621
4.035742282867432
4.749012291431427
3.8314089179039
4.090296030044556
4.069995284080505
3.9856812357902527
4.07046914100647
4.4162967801094055
4.5041051506996155
4.196268320083618
4.184747785329819
3.6964890360832214
3.9578455686569214
4.122895747423172
3.4165848791599274
3.972650468349457
4.430899024009705
3.6223240196704865
4.096446931362152
3.6936327815055847
3.913194090127945
4.1400666534900665
4.22852948307991
4.144304245710373
3.979111909866333
4.118427634239197
4.119007736444473
3.9380954205989838
3.5909204930067062
4.028782844543457
3.6746809631586075
3.629508763551712
3.299354314804077
3.999282866716385
3.479546755552292
3.816438317298889
3.194383978843689
4.111384749412537
3.942575603723526
3.907638043165207
4.370326399803162
3.963750898838043
3.8791432976722717
3.74918095767498
3.946264535188675
3.5935012251138687
3.7999260425567627
3.2502058893442154
4.283818155527115
4.023277461528778
3.5706810653209686
4.646134078502655
4.222089648246765
4.308094680309296
3.331916183233261
3.7014450132846832
3.7041284888982773
3.553689867258072
3.918621242046356
3.8208962976932526
3.969990313053131
3.4931302070617676
3.7370016425848007
4.163720905780792
3.9287078380584717
3.226887881755829
3.778429925441742
4.381372481584549
4.029458165168762
3.6594389379024506
4.195674359798431
3.806174546480179
4.106542468070984
3.6491039395332336
3.3079373836517334
4.115516692399979
4.6259042620658875
3.5750508308410645
3.8947294652462006
3.9461851119995117
3.7267301976680756
4.334447979927063
4.502911418676376
3.7432636320590973
4.598854035139084
3.94811749458313
3.4833499044179916
4.319888055324554
3.042856603860855
4.650282561779022
4.467269480228424
3.55702668428421
3.9991530776023865
3.416830822825432
4.365971684455872
3.2622381299734116
4.30403932929039
3.3078740537166595
3.6919228732585907
3.7139176577329636
3.8942834734916687
3.600911498069763
3.6092596501111984
3.3543311804533005
3.7464939802885056
3.5244259983301163
4.02467206120491
3.7059197574853897
4.222257733345032
3.7368371337652206
3.6074254661798477
3.3199965953826904
3.8325710594654083
3.2862120866775513
3.892638087272644
3.939816653728485
3.096078485250473
3.6370324343442917
3.4617747366428375
4.136098176240921
4.2807430028915405
4.080702364444733
3.7591074407100677
4.120744466781616
3.67202065885067
3.8663971424102783
2.773583009839058
3.346313238143921
3.7677210569381714
3.2283970713615417
3.713419884443283
3.8298706710338593
3.1208596378564835
3.6746974289417267
3.4548312425613403
3.0285904929041862
3.805846720933914
3.992816209793091
3.6482833325862885
3.898264765739441
3.589090183377266
3.2464154064655304
3.663857877254486
2.7754831314086914
3.811032325029373
3.4613414108753204
4.090717136859894
3.7911611795425415
3.7251585721969604
4.6192266047000885
4.240041673183441
3.4474292397499084
4.051572382450104
3.6815601587295532
4.022647142410278
4.496104717254639
3.017924949526787
4.304603636264801
3.3753956854343414
3.616449534893036
2.8950195014476776
3.510301858186722
4.101973176002502
4.674816429615021
4.25330176949501
2.651444273069501
2.991315610706806
3.286256417632103
3.3223803341388702
2.3859974183142185
3.1116533651947975
2.7591555938124657
4.051429033279419
3.349003866314888
2.8454383835196495
3.3817436546087265
3.131151497364044
2.881830260157585
3.039918690919876
3.955639898777008
2.2909431532025337
3.227071166038513
3.7862128019332886
3.0557475984096527
3.0440501868724823
3.7762749195098877
3.6351054161787033
3.390638306736946
3.8242730498313904
3.5413236916065216
2.7787920460104942
3.431878834962845
3.6962054669857025
3.464209884405136
2.776356339454651
3.7309106439352036
3.7109486758708954
3.416721597313881
3.2294219732284546
3.0380743369460106
2.891603410243988
3.0821672081947327
3.718702867627144
3.4150993078947067
3.6891691386699677
3.45630943775177
3.73940646648407
2.489789016544819
2.972121611237526
3.0093686282634735
2.748413309454918
3.462657108902931
3.1968730688095093
2.8278925642371178
3.6608609557151794
3.647691383957863
3.6582106351852417
3.1616145372390747
3.8241632282733917
3.4984152764081955
3.1788023561239243
4.228232949972153
3.333645462989807
3.226957470178604
2.793987076729536
3.31123523414135
3.4299540519714355
3.408104330301285
2.7121121250092983
3.071215897798538
3.1034471839666367
2.877643257379532
3.645997792482376
3.089585267007351
3.5255558788776398
3.6381468176841736
2.9901625588536263
3.4362254291772842
4.01859849691391
2.8205355256795883
3.6703596264123917
3.3468055725097656
3.1791678816080093
2.850952371954918
3.034605123102665
3.5634296387434006
3.2241256535053253
3.786080777645111
3.977184444665909
2.7457683347165585
3.2829371094703674
3.0984724313020706
2.785622514784336
3.8424989581108093
2.8419333696365356
4.020044654607773
3.0004319548606873
2.4339640978723764
2.8921154886484146
3.314061760902405
3.3836573362350464
3.780190646648407
3.1736287474632263
4.090395420789719
3.774110823869705
3.568579852581024
3.587799146771431
3.5372546315193176
2.6036942936480045
2.7239299565553665
3.440675139427185
3.0661729350686073
3.402014374732971
3.5924090445041656
2.5577282113954425
3.181503936648369
2.915039025247097
3.3568093180656433
3.122764378786087
3.5216443240642548
3.229653090238571
3.8239669799804688
3.669729083776474
3.6551789939403534
2.9196209460496902
2.7289802953600883
2.541474956087768
2.714580800384283
3.406783938407898
2.633757535368204
3.283255472779274
2.769308090209961
3.0304422602057457
3.235849291086197
2.5852693803608418
3.283388912677765
3.481763079762459
3.7846264243125916
3.275417238473892
2.9414255172014236
3.175702467560768
3.1535889953374863
3.4551627933979034
2.6801214553415775
2.918011322617531
3.5284867882728577
3.4595463424921036
3.131360560655594
2.871815226972103
3.4088967740535736
2.9325485974550247
3.1256741285324097
3.3358612656593323
3.497852385044098
3.4944812953472137
3.7713350355625153
3.553586006164551
3.2714345306158066
3.035183399915695
3.3896221220493317
2.976931817829609
2.461446952074766
2.5062206014990807
3.551352247595787
2.388585079461336
2.471463291440159
2.935655228793621
2.883424498140812
3.892626166343689
3.3504371345043182
2.7151866257190704
3.073616400361061
2.9975441843271255
3.5162033140659332
3.446945548057556
2.520672108512372
2.910979315638542
2.7792296186089516
3.5607092082500458
3.199196457862854
3.2971101999282837
3.3257944881916046
2.7106511406600475
3.0418817698955536
3.261565640568733
3.24973501265049
3.1252002716064453
2.9187458008527756
3.64117830991745
3.3815638720989227
2.28764358907938
2.3842248413711786
4.1258955001831055
2.801971100270748
2.388156019151211
2.5397873064503074
4.405950754880905
3.725292459130287
2.445926205255091
2.8608358651399612
2.719319462776184
3.3540431410074234
4.0782590210437775
2.33634939417243
