4.414498209953308
4.995187520980835
5.0
4.632789045572281
4.685388207435608
4.612637013196945
4.999999850988388
4.973187148571014
4.081928730010986
4.592510759830475
4.377022534608841
4.743088930845261
4.889017790555954
2.9090657085180283
4.995739459991455
4.375213235616684
3.461567983031273
4.890068769454956
4.989043474197388
4.653295278549194
4.962313622236252
4.878441095352173
3.143775537610054
4.52920138835907
3.139742910861969
4.924531131982803
4.991193413734436
4.569852650165558
4.774262011051178
4.34913843870163
4.894412010908127
4.993710070848465
4.658481478691101
4.802342355251312
3.99927094578743
4.8535312712192535
4.899132549762726
4.981734454631805
4.956556558609009
4.136084616184235
4.978265166282654
4.865535795688629
2.9353467747569084
4.949141144752502
4.92557629942894
4.957466721534729
4.633784741163254
4.98031884431839
3.7489203363656998
3.005789741873741
4.900544583797455
5.0
4.784146100282669
4.868348389863968
4.651932716369629
4.371951520442963
4.012943208217621
4.7555214166641235
4.9077507853508
4.990230947732925
4.9582816660404205
4.973987191915512
4.896386563777924
4.915829598903656
4.898118376731873
4.660883992910385
4.951411783695221
4.44438099861145
4.21697735786438
4.9281045794487
4.6507105231285095
4.543730914592743
3.8488318026065826
4.9027931690216064
4.219653010368347
4.999999701976776
4.926008731126785
4.918343275785446
4.505047649145126
4.52596515417099
4.900393038988113
4.999999701976776
4.92557629942894
4.86090749502182
4.875190258026123
4.888257086277008
4.397314786911011
4.771899729967117
4.5653316378593445
4.663358181715012
4.9570295214653015
4.996204674243927
5.0
4.883231222629547
3.5630375891923904
4.645305275917053
4.8189277946949005
4.805808663368225
3.9643950760364532
4.778380990028381
4.650466293096542
4.8296599090099335
4.642401188611984
4.607669115066528
4.6613214910030365
4.9149322509765625
3.6804430931806564
4.751850664615631
4.925919473171234
4.666373431682587
4.987778961658478
4.716356247663498
4.869641810655594
4.999999850988388
4.915829598903656
4.298610091209412
4.991161376237869
4.0518200397491455
4.938245713710785
4.873134195804596
4.962669909000397
4.923568069934845
4.918132871389389
4.808853268623352
4.79213148355484
4.816092848777771
4.990050792694092
4.9899280071258545
4.712801277637482
4.620665907859802
4.890622794628143
4.876862466335297
4.928872287273407
4.146691858768463
2.90334589779377
4.55302894115448
4.503331929445267
4.888864308595657
4.985702335834503
4.859161078929901
4.937665164470673
4.387456178665161
4.85725075006485
4.752492010593414
3.8862283527851105
4.852578341960907
5.0
4.044059216976166
4.720370173454285
4.8609259724617
4.911792576313019
4.899478852748871
4.732370972633362
4.884265065193176
4.685427248477936
4.507459104061127
4.605222642421722
4.808935672044754
4.985922425985336
4.079584330320358
4.7753894329071045
5.000000596046448
4.914175271987915
4.73040908575058
4.955700784921646
4.91787850856781
5.0
4.890412986278534
4.84629899263382
3.054100163280964
4.094808846712112
3.957894891500473
4.719604700803757
4.980494976043701
4.972751140594482
4.855512380599976
4.765312969684601
4.49316680431366
4.965139925479889
4.937262088060379
4.951628744602203
4.930407851934433
4.980401396751404
4.7470541298389435
4.253015518188477
4.96523916721344
4.884756803512573
4.992956072092056
4.412091374397278
4.535210877656937
4.7874897718429565
4.083302617073059
2.6336609572172165
4.2043618857860565
4.521450102329254
4.887554347515106
4.860374480485916
4.832512438297272
4.844602346420288
5.0
4.464881271123886
4.805685877799988
3.911615014076233
4.196119010448456
4.015699326992035
3.3138392865657806
4.897455871105194
3.547506183385849
4.584698379039764
4.857356250286102
4.873923659324646
5.0
4.773645251989365
4.763481914997101
4.964881539344788
4.86661970615387
4.500861465930939
4.403695166110992
3.1234540790319443
4.886835515499115
4.956250488758087
4.0290287137031555
4.649749398231506
4.458387941122055
3.961564600467682
4.7255876660346985
4.695453345775604
2.955559343099594
4.360720217227936
4.338204264640808
4.9572984874248505
4.918254613876343
3.5844241827726364
2.539391270838678
4.927116632461548
3.1095705181360245
4.772101938724518
4.903391003608704
4.73063126206398
4.999999701976776
4.988144636154175
4.906194508075714
4.105653166770935
4.736867547035217
5.0
4.984939396381378
4.563895165920258
4.896402209997177
4.638745486736298
4.859095513820648
4.940968900918961
4.7669517993927
4.842728227376938
4.864463657140732
4.875332713127136
3.161923661828041
4.180435240268707
4.484565556049347
4.898118376731873
4.419910907745361
4.971598386764526
4.99308705329895
4.811281263828278
4.998908042907715
4.948764592409134
2.9340801388025284
4.976989030838013
4.7159335017204285
4.623701572418213
4.878584444522858
5.000000298023224
4.9651700258255005
4.882884472608566
4.60115373134613
4.106675982475281
4.27217036485672
5.000000596046448
4.997498691082001
3.8950738310813904
4.965206980705261
4.876519739627838
4.748476147651672
4.791957437992096
4.5693206787109375
4.945295602083206
4.900206923484802
4.3910470604896545
5.000000298023224
4.935464709997177
3.906695693731308
3.2614699006080627
4.930189400911331
3.484286069869995
4.940761625766754
4.8749202489852905
4.749169945716858
4.999999701976776
4.776025414466858
2.7152394503355026
4.420476853847504
4.907501041889191
4.873456358909607
4.972706139087677
4.99556764960289
4.761568903923035
4.891398698091507
4.190603643655777
4.878259003162384
4.446482062339783
4.67012420296669
4.875190258026123
4.209780246019363
4.923863857984543
4.906744658946991
4.744382351636887
4.341848194599152
4.667866975069046
4.661506116390228
4.651919603347778
4.913854897022247
4.739527106285095
4.691706895828247
4.315245300531387
4.933658242225647
4.6886515617370605
4.867317080497742
4.731813669204712
4.643904268741608
4.77930948138237
4.1627344489097595
4.7631460428237915
3.265901952981949
4.520518779754639
2.8823554515838623
4.505383372306824
4.209013432264328
4.99466210603714
4.880730360746384
4.000983536243439
2.693435326218605
4.686531573534012
4.218930900096893
4.726972728967667
4.955393373966217
5.0
3.3937379717826843
5.000000298023224
4.990385323762894
4.911426305770874
4.84206035733223
4.44444864988327
4.999999701976776
4.9038249254226685
4.974028766155243
4.543221592903137
4.662900865077972
4.985446780920029
5.0
4.670593738555908
4.32563841342926
4.653046429157257
4.5297543704509735
2.8484515100717545
4.223604500293732
4.913567155599594
4.981906414031982
4.723305106163025
4.999999701976776
4.713204354047775
4.968665540218353
4.953981041908264
3.5322944819927216
4.193014204502106
4.647764414548874
4.851164817810059
4.743388891220093
4.52438697218895
5.0
4.4866859912872314
4.972268790006638
4.978635311126709
4.989268183708191
4.735104292631149
4.6690380573272705
4.817269444465637
3.0853889882564545
4.914367645978928
4.878766685724258
4.232608675956726
4.964876174926758
4.9741628766059875
4.817062318325043
4.666100740432739
4.836788028478622
4.001668095588684
4.0468306839466095
4.928786903619766
4.739755839109421
4.395139217376709
4.860416799783707
2.737704776227474
4.987316727638245
4.962860643863678
4.992359429597855
4.496002644300461
4.778380990028381
4.96921569108963
4.932492226362228
4.18023556470871
4.7409626841545105
4.852149486541748
4.135504364967346
4.97196227312088
4.9615247547626495
4.555339813232422
4.440910220146179
4.663066565990448
4.965363591909409
4.710748195648193
4.927206039428711
4.726671278476715
4.8625534772872925
4.999999701976776
4.999999701976776
4.5302362740039825
4.625747203826904
4.056428670883179
4.502149522304535
4.999999403953552
4.483244568109512
4.85775351524353
4.990385323762894
4.988904446363449
4.9162667989730835
4.2067864537239075
4.931354373693466
4.312399923801422
4.709073156118393
4.705628156661987
4.970034807920456
3.754066377878189
5.0
4.696936905384064
4.9053628742694855
4.814566969871521
4.8915135860443115
4.778787046670914
3.9077483117580414
4.971970915794373
3.077864795923233
3.912270665168762
4.8727403581142426
4.2116691172122955
4.884345531463623
4.661506116390228
4.39533606171608
4.801157116889954
4.305766522884369
5.0
4.455574154853821
4.776110053062439
5.0
4.927116632461548
4.171485006809235
4.801282733678818
4.930189400911331
4.955337792634964
4.909271001815796
4.362305700778961
4.983319193124771
4.651607424020767
3.2293742895126343
4.5654065907001495
4.851129949092865
3.276798203587532
4.121867120265961
4.495417475700378
4.914877414703369
4.847520589828491
4.999999701976776
4.651403874158859
3.873845636844635
4.109530448913574
4.674229323863983
4.296694844961166
4.426672160625458
4.612671136856079
5.000000298023224
4.893488585948944
4.780369997024536
4.26561564207077
4.868491888046265
4.437763839960098
4.946850538253784
4.975071996450424
4.412941634654999
4.642589688301086
5.0
3.7575194239616394
4.9715979397296906
4.999999552965164
4.886181205511093
5.0
4.764283299446106
4.99490886926651
4.801358878612518
4.8964279890060425
4.97925192117691
4.903801679611206
4.614506214857101
4.9144047498703
4.980077147483826
4.7797974944114685
4.856975972652435
4.753844439983368
4.928872287273407
4.536006450653076
4.911586940288544
4.5804548263549805
4.813454747200012
4.582088887691498
4.578146785497665
4.978153705596924
4.774987697601318
4.848829358816147
4.911370724439621
4.475602954626083
4.94780495762825
3.1693410873413086
4.7050899267196655
4.82830137014389
4.89256352186203
4.4682130217552185
3.5165326297283173
4.738453179597855
5.000000298023224
4.924457371234894
4.39649760723114
4.411281943321228
4.7251200675964355
4.9698710441589355
4.941106885671616
4.878972768783569
4.848119765520096
4.799668490886688
4.676491022109985
4.267827421426773
4.8771733045578
4.538431465625763
4.497351050376892
4.935287535190582
3.561200201511383
4.839271903038025
4.998791962862015
4.362500458955765
4.988555312156677
4.966464936733246
4.640157371759415
4.786251485347748
4.957631230354309
4.735135436058044
4.770521521568298
4.678323268890381
4.683153033256531
5.0
4.414404332637787
4.108735024929047
4.963669180870056
4.922880530357361
4.96461495757103
4.80466902256012
4.98814657330513
4.55797553062439
4.7873517870903015
4.956871122121811
4.934070557355881
4.184848070144653
4.104092121124268
3.674432188272476
4.999999701976776
4.729410707950592
5.0
4.789213836193085
4.679200202226639
4.739414751529694
4.074062258005142
4.3203747272491455
4.880267530679703
5.0
4.917350858449936
4.812704026699066
4.633109271526337
4.912122189998627
4.802709072828293
4.255368411540985
4.747275114059448
3.9890342950820923
4.955954700708389
4.838503003120422
4.814318269491196
4.907922297716141
4.355044066905975
5.0
4.6602024137973785
4.999999850988388
4.898415803909302
3.721570000052452
4.670114666223526
4.904293119907379
4.927821457386017
4.832086563110352
4.013591408729553
3.7994179129600525
5.000000298023224
4.499364048242569
3.8528281450271606
4.986926019191742
4.16561022400856
4.923227429389954
4.9193426966667175
4.958527386188507
4.856595695018768
4.862165004014969
4.970454722642899
4.875560849905014
4.9588969349861145
4.9224114418029785
4.233585447072983
4.90992397069931
4.290376305580139
4.946756660938263
5.0
5.0
4.04277965426445
4.0290287137031555
5.0
4.77420836687088
4.353320300579071
3.8559502363204956
4.036238044500351
4.76873517036438
3.0149509757757187
4.774734377861023
3.9564350247383118
4.714973568916321
4.697454422712326
4.839821606874466
4.290546476840973
4.36726912856102
4.940844029188156
4.999999701976776
4.651919603347778
3.363911584019661
4.95746836066246
4.941603243350983
4.3147194385528564
4.964818358421326
5.0
4.894735962152481
4.983232915401459
4.637554585933685
4.945053309202194
4.86882358789444
4.559309780597687
4.629884511232376
4.013591408729553
4.054423570632935
4.75357323884964
4.8870861530303955
4.994297921657562
4.614576101303101
5.0
4.871228784322739
4.913247227668762
4.001668095588684
5.0
4.458278566598892
3.0466753244400024
4.924169480800629
3.1186820566654205
4.999999701976776
4.884607195854187
4.978265166282654
3.058069720864296
3.9350730180740356
4.338745176792145
3.559843897819519
4.80297327041626
4.926750063896179
4.835978597402573
4.226322174072266
3.239888772368431
4.913295805454254
4.9623362720012665
4.158615469932556
4.760079383850098
4.86030787229538
5.0
4.518413245677948
4.432942271232605
4.520794600248337
4.999999701976776
4.953671991825104
4.228536635637283
3.689965158700943
4.928390383720398
4.771093428134918
4.490532577037811
4.916503429412842
4.910465627908707
4.702455401420593
4.845229089260101
4.993816018104553
4.520799666643143
4.709506034851074
4.973199367523193
5.0
4.784697890281677
4.882012605667114
4.847540259361267
4.432858377695084
4.742234647274017
3.6886466294527054
4.421456456184387
4.513943791389465
4.974517375230789
4.90836888551712
4.253015518188477
4.690835475921631
4.67096745967865
4.9743786454200745
2.6544774416834116
4.630434811115265
4.922166019678116
4.954776167869568
3.037300296127796
4.577971696853638
4.965964108705521
3.112463280558586
4.952423870563507
3.6283251643180847
4.86030787229538
4.857639670372009
4.17885810136795
4.973867833614349
4.790462553501129
5.0
4.788952171802521
4.7428905963897705
4.999999701976776
4.868835210800171
4.734621047973633
4.829358756542206
3.9928191900253296
4.494248479604721
4.9053628742694855
4.54336017370224
4.7059884667396545
4.3127477169036865
4.98031884431839
4.685947895050049
4.956073760986328
4.713552892208099
4.869872331619263
4.416322708129883
4.654033184051514
4.869106411933899
4.835403710603714
4.872411787509918
4.978760629892349
4.925661683082581
3.1095705181360245
4.738821089267731
4.741848409175873
4.4543662667274475
4.908590614795685
4.092160016298294
4.733397215604782
4.923349916934967
4.8476773500442505
4.803230464458466
4.8445020616054535
4.92588609457016
4.999999701976776
5.000000596046448
4.678155034780502
4.257343262434006
4.714017063379288
4.50033038854599
4.8455920815467834
5.0
4.6011607348918915
3.043498173356056
4.871068894863129
4.7493937611579895
4.271367192268372
4.762006998062134
4.95102658867836
4.947547763586044
4.55909326672554
4.07741591334343
4.724044501781464
4.97786745429039
4.683153033256531
4.997005462646484
4.76355642080307
2.996005266904831
4.797696769237518
4.646911025047302
3.0502936616539955
4.948242157697678
5.000000298023224
4.570853114128113
2.9327011108398438
4.843271374702454
4.450972378253937
4.999999701976776
4.500068426132202
4.8086971044540405
4.523903429508209
3.753371983766556
2.7482161670923233
5.0
4.7145578265190125
4.77998286485672
4.790997803211212
4.84972208738327
4.62086409330368
4.999999850988388
4.48724240064621
4.884445667266846
4.940975457429886
4.918696880340576
4.801465272903442
4.7813162207603455
4.936355948448181
4.7255876660346985
4.999999701976776
4.928751736879349
4.7251200675964355
4.6180760860443115
4.8687827587127686
4.806304574012756
4.817239493131638
4.94913250207901
4.109226763248444
4.579582512378693
4.920668005943298
4.860803484916687
4.74446713924408
4.374078214168549
4.231604039669037
4.999999552965164
4.884010851383209
4.928441047668457
4.780105948448181
4.983052015304565
4.990463703870773
4.563895165920258
4.777168035507202
5.0
4.608028829097748
4.478012919425964
4.7259221971035
4.667237401008606
4.999999850988388
4.970835745334625
4.167093336582184
4.5260098576545715
4.693485647439957
4.365367889404297
4.9742938578128815
4.940250813961029
4.9438780546188354
4.929766058921814
4.945908784866333
4.643339514732361
4.503975808620453
4.952784776687622
4.014744758605957
4.565480947494507
4.781980663537979
4.842728227376938
2.6176069863140583
4.951493293046951
4.939176440238953
4.978194534778595
4.962106496095657
5.0
5.000000596046448
4.875560849905014
4.729410707950592
4.9008579552173615
4.927206039428711
4.809117615222931
4.957370460033417
4.957595765590668
4.633710980415344
4.716376960277557
4.943439960479736
4.125938415527344
4.982329905033112
4.98467743396759
4.969052076339722
3.8875943422317505
4.3587809801101685
4.397721141576767
4.650412499904633
4.999999850988388
4.8722904920578
4.925927221775055
5.0
3.698207065463066
4.94147390127182
4.355954080820084
4.542098045349121
3.8506922125816345
3.5018594563007355
4.742238819599152
4.8593005537986755
4.569052457809448
4.951621741056442
4.934803247451782
4.948876649141312
4.631806015968323
2.563511887565255
4.597661644220352
4.270524978637695
3.55557382106781
4.704151004552841
4.727293401956558
4.802572429180145
4.60387796163559
4.72143679857254
2.865026667714119
4.452090710401535
4.2493736743927
4.999999850988388
4.386099725961685
4.887255132198334
2.9541102796792984
4.8727403581142426
4.698647558689117
4.562375098466873
4.898426830768585
4.780280441045761
4.8070597648620605
4.893433749675751
4.762021452188492
3.0683018267154694
4.988754242658615
3.0215874314308167
4.851220399141312
4.999999701976776
5.000000298023224
5.0
4.714973568916321
4.723021686077118
3.689965158700943
4.976074993610382
4.465958476066589
4.707304537296295
4.36552956700325
4.778794497251511
3.164313957095146
4.836130738258362
4.8173366487026215
4.819510132074356
4.675491750240326
4.931978285312653
4.287631958723068
5.0
4.445687234401703
4.867764115333557
4.497619569301605
4.35195580124855
4.846581518650055
5.0
4.327049404382706
4.982831180095673
5.0
4.98527854681015
4.880634248256683
4.63147759437561
4.846819639205933
4.946817606687546
4.220518618822098
4.461812674999237
2.990090623497963
4.986955225467682
3.0702712014317513
2.835579663515091
4.195976555347443
4.82830137014389
3.9175431430339813
4.976146221160889
4.179413914680481
4.67108353972435
3.3986327797174454
4.5088279247283936
4.9089215695858
4.977784901857376
4.999999701976776
4.649151563644409
4.7347404062747955
4.874595999717712
4.75648045539856
4.749141037464142
4.852758049964905
4.881658852100372
4.777168035507202
4.999999701976776
4.9931153655052185
3.6435818672180176
4.720369577407837
4.362746179103851
4.508331120014191
4.221565425395966
4.826482832431793
4.876917153596878
2.6507853902876377
4.606914818286896
4.31087851524353
4.249054193496704
4.7797974944114685
4.266351759433746
4.731827676296234
4.40452978014946
4.911356717348099
4.963493198156357
4.319898784160614
4.377079010009766
4.338698089122772
4.7740232944488525
4.952099770307541
3.3815743029117584
4.873490631580353
4.990317523479462
4.693447947502136
3.8971897959709167
4.650683403015137
4.942639172077179
4.561752676963806
4.987191259860992
4.739139080047607
4.600649476051331
4.982583522796631
4.894476234912872
4.52920138835907
4.723758399486542
4.8848433792591095
4.177060127258301
4.833171963691711
4.880193769931793
4.55970823764801
5.0
4.005437791347504
2.726737465709448
3.905601054430008
4.670820534229279
4.771921932697296
4.805808663368225
4.83943447470665
4.898415803909302
4.642401188611984
4.086548686027527
4.996425956487656
4.917040765285492
4.999999850988388
2.8778860718011856
4.999999701976776
4.936417490243912
4.762082248926163
4.544760584831238
4.764058738946915
4.738821089267731
4.967866539955139
4.896339625120163
4.861278831958771
4.466135650873184
4.046143889427185
4.878917932510376
4.882469177246094
4.709073156118393
5.000000298023224
4.893285185098648
4.720979928970337
5.0
4.5955610275268555
4.999999850988388
4.8861633241176605
4.84540119767189
4.809477627277374
4.629724323749542
4.608391672372818
5.0
4.843100905418396
4.9458131194114685
4.9931153655052185
4.901324212551117
5.0
4.934157431125641
4.702798426151276
4.559309780597687
4.668384939432144
4.610656499862671
4.719832390546799
4.759434163570404
4.718526005744934
4.752964079380035
4.766742289066315
4.963552504777908
5.0
4.429250955581665
4.706443250179291
4.896802604198456
4.839231371879578
4.987316727638245
5.0
3.3233806490898132
4.640969932079315
4.9265773594379425
4.852942526340485
3.5950271785259247
4.913531690835953
4.86090749502182
4.650466293096542
4.98883530497551
4.58237498998642
4.965618550777435
4.360882490873337
4.6655358374118805
5.0
4.649749398231506
4.766742289066315
5.000000298023224
2.7515916526317596
4.882469177246094
3.24028842151165
4.121429026126862
4.362500458955765
4.887326806783676
3.9651982486248016
4.541155695915222
4.958859384059906
4.979555308818817
3.786127269268036
5.0
4.782576262950897
4.974028766155243
4.028417617082596
3.7286600470542908
2.9443400725722313
4.981631189584732
3.919026404619217
4.872181415557861
4.88730788230896
4.9053239822387695
4.913053214550018
4.184403419494629
4.941115379333496
4.701746553182602
5.0
4.716376960277557
4.596258699893951
4.230123907327652
4.7331735491752625
4.749141037464142
4.14677232503891
4.690835475921631
4.962344467639923
3.686801567673683
4.875332713127136
4.759144186973572
4.989925920963287
2.79756223782897
4.305766522884369
4.97196227312088
5.0
4.214263558387756
4.903398901224136
4.972061067819595
5.000000596046448
4.880634248256683
4.84540119767189
4.973485469818115
4.914600104093552
4.695501923561096
4.940460920333862
4.700378775596619
3.5018594563007355
4.61999773979187
4.972848296165466
5.0
5.0
4.502021372318268
4.750763475894928
4.847540259361267
4.910103678703308
4.897855818271637
4.621292948722839
4.5993199944496155
4.740772694349289
4.94642049074173
4.863854348659515
3.7646998465061188
4.611083269119263
4.978147447109222
4.594553112983704
4.572264552116394
4.797743260860443
4.542073607444763
4.377079010009766
4.947709143161774
4.802174419164658
4.910465627908707
5.0
5.000000596046448
5.0
4.674229323863983
4.458021968603134
4.753612279891968
4.183680415153503
4.900573343038559
4.608028829097748
4.975001513957977
4.935580939054489
4.989863038063049
4.644743502140045
4.737325310707092
4.999999701976776
4.826231300830841
4.8816318809986115
4.773229360580444
2.8137212991714478
4.82063427567482
5.0
4.868059754371643
4.225464165210724
4.738324731588364
4.073357284069061
4.950482547283173
4.981493353843689
4.666751176118851
2.739613428711891
4.988799691200256
3.873845636844635
4.982425272464752
3.8863208889961243
4.999999701976776
4.957601577043533
4.970289468765259
4.411465227603912
4.727517813444138
4.363704174757004
4.99907523393631
4.873350560665131
4.910939484834671
4.724377542734146
4.611844718456268
4.931839406490326
4.860018193721771
4.209780246019363
4.858626425266266
4.418590068817139
4.775466024875641
4.961817562580109
4.035570919513702
4.843955039978027
4.341813325881958
4.556364268064499
4.940844029188156
4.754840135574341
4.975038766860962
4.628373682498932
4.097259044647217
4.8059216141700745
4.995320737361908
4.5088279247283936
4.916711747646332
3.8835108280181885
4.751829355955124
4.77463111281395
4.649334251880646
4.988928139209747
4.886144548654556
2.988332584500313
4.824150800704956
4.396814256906509
3.609408438205719
4.134560227394104
4.988038092851639
4.907501041889191
4.490294307470322
5.000000298023224
4.57231730222702
4.926466643810272
4.215812683105469
4.5716699957847595
4.158805161714554
4.951258301734924
4.950159341096878
4.790009558200836
4.500546157360077
4.975809454917908
4.5260098576545715
4.723021686077118
4.774262011051178
4.959149360656738
4.670820534229279
4.93306040763855
2.7874618396162987
4.812478125095367
4.6340954303741455
5.0
4.8599280416965485
4.9791595339775085
4.909217953681946
4.577937871217728
4.8859381675720215
4.950518012046814
4.788636863231659
3.941897600889206
5.0
4.660796821117401
2.408888153731823
4.958710968494415
4.789000749588013
4.91407185792923
4.993544816970825
4.708724766969681
4.582544714212418
4.74446713924408
4.988555312156677
4.464378356933594
4.980150461196899
4.785184413194656
5.0
4.891893565654755
4.2968109250068665
4.907658398151398
4.277407675981522
3.0214356258511543
4.61514487862587
4.910673946142197
4.180780053138733
4.614506214857101
4.718324542045593
3.1705643236637115
4.920646250247955
4.896688759326935
4.036238044500351
4.993254840373993
4.5465682446956635
4.969578981399536
4.999999850988388
4.6036142110824585
4.980050325393677
4.735104292631149
5.000000298023224
4.365929365158081
4.948852509260178
4.714017063379288
4.818958789110184
4.944423586130142
4.7016215324401855
4.930169582366943
4.807741194963455
3.5845711827278137
4.572264552116394
4.967199116945267
4.833783358335495
4.9162667989730835
4.919097721576691
4.626365602016449
4.955439269542694
4.951941072940826
4.851220399141312
4.887251555919647
2.8330273926258087
4.945648610591888
4.999999850988388
4.916193038225174
4.351089894771576
4.938077032566071
3.3106258511543274
4.611641615629196
4.999999850988388
4.962860643863678
4.789634644985199
4.8452673852443695
5.0
4.911067634820938
4.624248296022415
3.677823543548584
5.0
5.0
4.8231905698776245
4.841686636209488
4.863027185201645
4.36552956700325
5.0
4.152900278568268
4.946546107530594
4.812139272689819
4.818409085273743
4.9431827664375305
4.903220236301422
4.941820800304413
4.542073607444763
4.94691401720047
4.794825911521912
3.9883139729499817
4.355544447898865
4.8618483543396
4.835643768310547
4.844166040420532
4.960820376873016
4.8385536670684814
3.11554491519928
4.801781475543976
4.753844439983368
4.969052076339722
4.695453345775604
4.584772884845734
4.999999552965164
4.715981334447861
4.95741069316864
4.650502502918243
4.424280524253845
4.934157431125641
4.879404157400131
4.603951722383499
4.04705673456192
3.3810336142778397
4.074910879135132
4.993636608123779
4.375213235616684
4.5716699957847595
4.73835676908493
4.999999850988388
4.445651471614838
4.604668319225311
4.909570068120956
4.292577356100082
4.349054992198944
4.878766685724258
2.742583379149437
4.994916617870331
4.987380504608154
4.999999850988388
4.77166160941124
4.822637140750885
4.638047516345978
4.611083269119263
4.9626049399375916
4.715981334447861
4.852149486541748
3.9138077199459076
4.836433082818985
4.016591012477875
4.990317523479462
4.354588985443115
3.4465474635362625
4.995375573635101
2.7959916181862354
4.319423735141754
3.9391155540943146
4.702337086200714
4.125938415527344
4.862165004014969
4.687664359807968
4.914842844009399
4.999999701976776
4.9714332818984985
4.804512858390808
4.976345598697662
4.737679362297058
4.2568714916706085
4.379700720310211
4.94710311293602
4.491346329450607
4.72805917263031
4.806834012269974
4.885111451148987
4.932280629873276
4.856102168560028
4.816092848777771
4.625747203826904
5.0
4.8702287673950195
4.682817757129669
4.954606890678406
4.999999701976776
5.0
4.058914035558701
2.758756633847952
4.6621377766132355
5.0
4.896101355552673
4.691071808338165
5.0
4.999999850988388
5.0
4.602726548910141
5.0
4.448602497577667
2.8544534742832184
4.943103492259979
4.131243824958801
4.982025623321533
4.915552884340286
4.002721607685089
4.962731897830963
4.500861465930939
4.409885257482529
4.74088191986084
4.523179233074188
4.9961918592453
4.962607026100159
4.957653284072876
4.951130300760269
4.9925050139427185
4.999999850988388
4.921542704105377
4.925120323896408
4.728009402751923
4.811800718307495
4.96570348739624
4.999999850988388
4.014744758605957
4.931116104125977
4.99360665678978
4.927752912044525
3.0671466141939163
3.167499080300331
4.94889497756958
5.000000298023224
4.934938848018646
4.896144866943359
3.721570000052452
4.911727011203766
4.971652179956436
4.717041254043579
4.6328286826610565
4.7275713086128235
4.762301594018936
4.362173080444336
3.9746469259262085
5.0
4.8183658719062805
4.999999701976776
4.8749202489852905
5.0
2.7684271708130836
4.816032648086548
4.797784090042114
4.987775087356567
4.712088853120804
4.972476959228516
4.803630709648132
4.227914214134216
4.96216893196106
2.8505147248506546
4.92783784866333
4.8868051171302795
4.433145225048065
3.6998405307531357
3.8950738310813904
4.880193769931793
4.809117615222931
2.836185172200203
4.085776209831238
4.930312931537628
2.751406989991665
4.497011303901672
4.993714839220047
3.82133349776268
3.163139373064041
4.790343344211578
4.999999850988388
4.667502194643021
5.000000596046448
4.509232938289642
4.999999552965164
4.98063325881958
4.999999850988388
4.958473891019821
4.608832597732544
4.615459144115448
4.850722402334213
3.4857669472694397
4.903060346841812
4.469980597496033
3.8771437108516693
4.010259956121445
4.353923797607422
4.799017310142517
4.999999850988388
4.783388525247574
4.7631460428237915
4.434370249509811
4.711439162492752
4.003443717956543
3.686879873275757
2.5640428718179464
4.5704759657382965
4.956463426351547
4.354763329029083
4.571193158626556
4.35265839099884
4.871785044670105
2.6571313105523586
4.841576665639877
5.000000298023224
4.782224595546722
3.354424089193344
4.847850799560547
5.000000298023224
4.9906110763549805
4.830872416496277
4.9934375286102295
4.956801384687424
4.832193851470947
4.839231371879578
4.823366403579712
4.98237669467926
4.631679654121399
4.958859384059906
4.8192790150642395
4.1212379932403564
4.86657440662384
4.699932634830475
4.98569130897522
4.104936122894287
4.67603474855423
4.931232035160065
4.872183203697205
4.756242483854294
4.860022068023682
5.0
4.999999701976776
4.247743487358093
4.930197894573212
4.530257880687714
5.0
4.91745263338089
4.837518036365509
4.941003918647766
4.976373016834259
5.000000298023224
4.6011607348918915
4.935553669929504
4.691706895828247
4.699810892343521
4.749119877815247
4.939916431903839
4.445698261260986
4.999999850988388
4.592932909727097
4.999999552965164
4.8086971044540405
4.001826494932175
4.514862447977066
4.800605773925781
4.942355006933212
4.823214113712311
4.882287383079529
5.0
4.994164556264877
4.8885345458984375
4.966176152229309
4.955439269542694
4.420476853847504
4.645051211118698
2.619576985016465
2.705216258764267
4.567765593528748
4.4852811098098755
4.940975457429886
4.652252197265625
4.860022068023682
4.290794134140015
4.7331735491752625
4.885960817337036
4.9488407373428345
4.4971828162670135
4.970454722642899
4.836759120225906
4.929844439029694
4.928694069385529
4.862622022628784
4.649150967597961
4.190603643655777
4.896027743816376
4.970034807920456
4.741684794425964
4.833171963691711
4.473985135555267
4.967116862535477
4.910049736499786
4.4309064745903015
3.539575934410095
4.952699989080429
4.9714429676532745
4.988291710615158
4.999999701976776
4.668501317501068
4.919047653675079
4.601646810770035
4.703112542629242
4.850722402334213
3.3389969170093536
4.821345508098602
4.889377951622009
4.9827709794044495
4.931354373693466
4.928694069385529
4.907153844833374
4.97174471616745
4.64487224817276
4.2924317717552185
4.629884511232376
4.999999850988388
4.845084249973297
4.891444891691208
3.1334469467401505
2.6089673582464457
4.936843514442444
4.945295602083206
4.928772151470184
4.889377951622009
4.807741194963455
3.7318354099988937
4.649151563644409
4.856595695018768
4.918750077486038
4.4875942170619965
2.6759816333651543
4.999999701976776
5.0
4.989568442106247
4.239460974931717
4.831025004386902
4.925313591957092
4.910554587841034
4.644993543624878
4.827101230621338
4.67603474855423
3.2978446036577225
4.581584930419922
4.802572429180145
4.881239086389542
4.838009178638458
4.693114459514618
4.878249317407608
4.990018457174301
4.312989562749863
4.520518779754639
4.976961314678192
4.692215472459793
3.9179563522338867
4.238036274909973
3.3283033221960068
4.8418256640434265
4.97786745429039
4.959187358617783
4.857845157384872
4.868205338716507
4.5302362740039825
4.836745858192444
4.6655358374118805
3.9510931074619293
4.924358129501343
4.453926682472229
4.80466902256012
4.912821054458618
4.863470047712326
4.911293089389801
5.000000298023224
4.954312592744827
3.9948539435863495
4.411581605672836
4.456711709499359
4.628373682498932
4.611714482307434
4.54752504825592
4.521151781082153
4.972812980413437
5.000000298023224
4.290376305580139
4.453926682472229
4.8593005537986755
3.346007540822029
4.969578981399536
3.819063901901245
5.0
4.590666890144348
4.990346133708954
2.8483878076076508
4.648156017065048
4.000983536243439
4.678726494312286
4.455119073390961
4.560860246419907
4.793415367603302
4.618844091892242
2.9833775758743286
4.849250912666321
4.7669517993927
4.960910528898239
4.215008318424225
4.735135436058044
4.9388620257377625
4.995579123497009
4.967595487833023
4.577937871217728
4.9012380838394165
4.652136862277985
4.875418394804001
4.388207793235779
4.739414751529694
4.9295322597026825
4.785431325435638
4.981399774551392
4.984789192676544
4.926733374595642
4.525048583745956
5.000000298023224
4.966454207897186
4.8445020616054535
4.727320671081543
4.29968386888504
4.944700598716736
4.792567491531372
4.090473800897598
5.000000298023224
4.856907278299332
4.974456578493118
4.788588285446167
4.217413663864136
4.802375286817551
4.630434811115265
3.1950466334819794
3.1037800014019012
4.8687827587127686
4.863254129886627
3.930627703666687
4.939916431903839
4.026578962802887
4.987913072109222
3.1137527525424957
4.389013797044754
4.6396662294864655
4.351089894771576
5.000000596046448
4.905908852815628
4.915552884340286
4.862224906682968
4.328590929508209
4.350347518920898
4.856102168560028
4.676371663808823
3.949645757675171
4.684360325336456
4.740583598613739
4.639193117618561
4.97932642698288
4.565480947494507
3.0042826384305954
5.0
4.5478156208992
4.89026740193367
4.930506348609924
3.1950466334819794
4.89026740193367
3.339981585741043
4.308586418628693
4.904104769229889
3.3986327797174454
4.878465533256531
4.9650004506111145
4.903422445058823
4.4335150718688965
4.83480766415596
4.749835729598999
4.929017126560211
4.8475368320941925
4.146691858768463
4.975864887237549
4.777846932411194
4.8226094245910645
4.6431975066661835
5.0
3.023367151618004
4.945393055677414
5.0
4.886418581008911
4.933136999607086
4.863827228546143
4.387456178665161
4.797252416610718
4.828241020441055
4.999999701976776
3.6733951419591904
4.530639797449112
4.0876030921936035
3.8540005683898926
4.489251971244812
4.977506697177887
4.922582358121872
5.000000298023224
4.851895868778229
4.910529851913452
4.914199709892273
4.462132155895233
3.099987357854843
4.5542144775390625
4.411581605672836
4.962642043828964
4.829353541135788
4.979694485664368
4.9008893966674805
4.863470047712326
3.786408007144928
2.89392102509737
4.82698917388916
4.97584193944931
4.824286103248596
4.832994192838669
4.7319090366363525
4.214263558387756
4.407394677400589
2.397482618689537
4.414129704236984
4.821418225765228
5.0
4.680211991071701
3.4885211288928986
4.138308614492416
4.627441763877869
4.686137139797211
4.843706786632538
4.712269604206085
4.876231700181961
4.427801072597504
4.757411777973175
4.756899476051331
4.954731315374374
4.599800109863281
4.22570064663887
4.980162084102631
4.802850782871246
4.986739754676819
3.893904983997345
4.074910879135132
4.999999850988388
4.971688985824585
3.2546192407608032
2.883460372686386
4.94889497756958
4.267827421426773
4.994359761476517
4.245558977127075
2.7742757089436054
4.955834150314331
4.995200335979462
4.678110480308533
4.174351692199707
5.0
4.861278831958771
4.642046093940735
4.965697824954987
4.6036142110824585
4.3776629865169525
4.026578962802887
4.796321988105774
4.764936566352844
4.757955074310303
3.0483199656009674
4.98054713010788
2.816692404448986
4.644594788551331
5.0
4.706587642431259
4.192582666873932
4.9730755388736725
4.418590068817139
4.612637013196945
4.778337180614471
4.611952304840088
4.587692618370056
4.9398887157440186
4.325534105300903
4.671262800693512
4.838871955871582
4.19042631983757
4.2366814613342285
4.6716563403606415
3.5653674602508545
4.912885278463364
4.787836968898773
4.758919328451157
3.467227667570114
4.764283299446106
4.929877519607544
4.999999552965164
4.750808477401733
4.386492967605591
4.999999403953552
4.976100772619247
4.849375784397125
4.974758625030518
4.999999701976776
4.27121102809906
3.14257450401783
3.420204818248749
4.920262396335602
4.874652624130249
4.869872331619263
4.10842552781105
4.877012372016907
4.411529302597046
4.545331299304962
4.864841997623444
3.434540256857872
4.949169754981995
4.736553728580475
4.84972208738327
5.0
4.780769348144531
4.806774854660034
2.669270411133766
4.846311956644058
4.905959069728851
4.979572147130966
4.456725120544434
4.940080940723419
4.399576783180237
4.810868501663208
4.888257086277008
4.926974177360535
4.982831180095673
4.999999701976776
4.7801318764686584
3.657679259777069
5.0
4.460377097129822
4.999999701976776
4.180780053138733
4.999999552965164
4.991061687469482
4.633053839206696
4.679783582687378
4.1673412919044495
4.972751140594482
4.863217920064926
4.999999850988388
4.940839111804962
4.67454195022583
4.743388891220093
4.999999701976776
4.920979291200638
4.772101938724518
4.973912835121155
4.815028756856918
4.51137900352478
2.7939293533563614
5.000000298023224
4.783388525247574
5.0
4.811099022626877
4.876862466335297
4.388471245765686
4.893743097782135
4.959670007228851
4.962391257286072
3.2424108684062958
4.970289468765259
4.286298602819443
4.462132155895233
5.000000298023224
4.681453555822372
4.612153023481369
2.840079180896282
4.77420836687088
4.916711747646332
3.842073082923889
5.0
4.890711307525635
4.935048520565033
4.957707226276398
4.897228628396988
4.929477125406265
4.53821673989296
4.869566410779953
4.207935035228729
4.785184413194656
4.921937137842178
3.3668437600135803
4.960949420928955
4.899978339672089
4.917060434818268
4.6176037192344666
4.738304316997528
4.347226470708847
4.942963570356369
4.999999701976776
4.965363591909409
4.36581164598465
4.678323268890381
4.999999701976776
4.675752222537994
3.5664375126361847
5.0
3.436565175652504
4.978957623243332
4.9741628766059875
3.90522301197052
4.832086563110352
4.956402480602264
4.76355642080307
4.91777628660202
3.572840392589569
4.309761077165604
5.000000298023224
4.330805242061615
4.4005754590034485
4.96356874704361
4.570788145065308
4.849375784397125
4.837518036365509
4.890650808811188
4.62085098028183
4.658401608467102
4.629161953926086
4.723758399486542
4.832193851470947
4.530639797449112
4.532747864723206
4.799546301364899
3.8314642012119293
4.832251965999603
3.6695080995559692
4.832788407802582
4.984639585018158
4.912140071392059
5.000000596046448
4.9627770483493805
4.9487122893333435
4.500028491020203
4.012943208217621
4.93801087141037
4.397314786911011
4.213421642780304
4.976100772619247
4.402464330196381
4.958992749452591
4.7606974840164185
4.69344899058342
4.5578813552856445
4.34321328997612
4.850014895200729
4.854539632797241
4.731489717960358
4.848668575286865
4.9773672223091125
4.875398278236389
5.0
4.950830787420273
3.160092458128929
4.999999701976776
4.953452944755554
4.8885345458984375
4.877321124076843
4.856907278299332
4.646911025047302
4.798994362354279
4.832771569490433
4.9220722913742065
3.7359362095594406
3.521513417363167
4.301954507827759
3.0982916057109833
4.930312931537628
4.41531166434288
4.650307297706604
4.916425049304962
4.588393867015839
4.948876649141312
4.901498854160309
4.938940405845642
4.921478778123856
4.909250438213348
4.265092611312866
4.846296310424805
3.865939974784851
4.317295253276825
3.2485441863536835
5.0
4.846192300319672
4.603627920150757
4.584812819957733
4.985338002443314
2.9997365921735764
4.572916775941849
4.67012420296669
4.662317931652069
2.8802791982889175
4.835403710603714
3.7444984912872314
4.967775642871857
4.64487224817276
5.0
4.932204186916351
4.920740574598312
4.623701572418213
3.5664375126361847
4.937778860330582
4.908090233802795
4.231486618518829
2.6591916382312775
4.675642400979996
4.896339625120163
5.000000298023224
4.190941751003265
4.454276263713837
4.889927804470062
4.380094408988953
3.3092645555734634
4.769357889890671
3.4848199784755707
4.956402480602264
4.921937137842178
4.136181473731995
4.106675982475281
4.843875765800476
4.93851825594902
4.862598478794098
5.0
4.999999403953552
4.8625534772872925
3.7657661736011505
4.135557115077972
4.803630709648132
4.952209889888763
4.524060487747192
4.987723082304001
4.906712621450424
4.779787510633469
4.9482060968875885
4.7037577629089355
4.91975724697113
4.538627564907074
2.9587822407484055
4.412941634654999
5.0
5.0
3.9890342950820923
4.958527386188507
4.738689959049225
2.630423102527857
4.860018193721771
3.6283251643180847
2.6856695860624313
4.680143594741821
4.690167307853699
4.983436465263367
4.956849068403244
4.910103678703308
4.971730411052704
4.452139139175415
4.936909377574921
4.232608675956726
4.964876174926758
4.803808629512787
4.764058738946915
4.459038972854614
4.951757788658142
4.9224114418029785
2.6457934267818928
2.918214872479439
4.710013419389725
5.000000298023224
4.909038543701172
4.661646783351898
4.998691380023956
4.980077147483826
4.795794486999512
4.626088589429855
4.77998286485672
4.772271364927292
4.903987944126129
4.810511469841003
4.999999850988388
3.9651982486248016
4.84504908323288
5.0
4.868995249271393
4.104936122894287
4.6328286826610565
4.8229967057704926
4.987404495477676
4.980932772159576
4.383072704076767
4.458799064159393
4.69378262758255
4.911356717348099
4.66154620051384
4.811761975288391
4.999999701976776
4.854300320148468
4.743088930845261
4.666188955307007
4.884445667266846
4.197931289672852
4.736081212759018
4.957883954048157
4.69344899058342
4.999999850988388
4.828485995531082
4.780027866363525
2.7959263138473034
3.1193893402814865
4.80971097946167
4.724065363407135
4.272753894329071
4.851560890674591
3.435985743999481
4.1828808188438416
4.804053902626038
4.922681599855423
4.782224595546722
4.495444744825363
4.843706786632538
4.9052029848098755
4.766937047243118
4.947939962148666
4.871859401464462
3.3446186035871506
4.333511143922806
4.74207878112793
4.864691346883774
4.374078214168549
4.57816407084465
4.823214113712311
4.775748550891876
3.92706960439682
4.999999701976776
4.900950044393539
4.201628863811493
4.931822270154953
4.28672730922699
5.0
4.947547763586044
4.8555052280426025
4.812139272689819
4.482744336128235
5.0
4.942407310009003
3.4981542825698853
4.388562440872192
4.993237853050232
3.7657661736011505
3.8528281450271606
4.957134127616882
4.838727414608002
4.960332810878754
4.823087751865387
5.0
5.0
4.363382011651993
5.000000298023224
3.023115023970604
4.952559769153595
4.891398698091507
5.0
4.138308614492416
4.396814256906509
4.709636569023132
4.823143780231476
4.979602694511414
5.000000298023224
4.87266480922699
4.963183104991913
4.7873517870903015
3.6202116310596466
4.479966461658478
4.888125061988831
4.2160117626190186
5.0
3.5798756778240204
4.919447749853134
4.184554815292358
4.600649476051331
4.7422124445438385
4.896828532218933
4.961938410997391
4.9859508872032166
4.7645533084869385
3.137546181678772
4.8538751900196075
4.8859381675720215
5.0
4.593257904052734
3.862532377243042
5.000000298023224
4.87988144159317
4.802717566490173
4.8226094245910645
3.0026743561029434
4.934820979833603
4.918660521507263
4.999999850988388
5.0
4.900236874818802
4.946378767490387
4.896980822086334
4.909570068120956
4.811800718307495
5.000000298023224
4.332837760448456
4.919992983341217
5.000000298023224
4.771721661090851
4.928173124790192
4.905908852815628
4.616939127445221
4.564601182937622
3.0194269493222237
4.912663549184799
3.1017883494496346
4.231796860694885
5.0
3.201177269220352
4.94183823466301
4.877350479364395
4.961455762386322
4.999999701976776
4.958744198083878
3.957894891500473
4.940968900918961
4.785810858011246
2.898465245962143
4.676659852266312
4.954308271408081
4.843100905418396
5.0
4.973556101322174
4.404661059379578
4.957466721534729
4.967522174119949
4.920498728752136
4.951286762952805
3.0460187047719955
4.83301118016243
3.9076927304267883
3.023025281727314
4.867479205131531
4.904700070619583
4.986739754676819
4.932256489992142
4.744382351636887
5.000000298023224
4.061345458030701
4.990230947732925
4.988799691200256
4.477955102920532
3.4269671887159348
4.547434002161026
4.9743786454200745
4.999999850988388
4.986097514629364
4.8555052280426025
4.9539124965667725
4.901455640792847
4.720120131969452
3.685477524995804
4.456137120723724
4.836455881595612
5.0
4.978194534778595
4.748142212629318
4.986268579959869
4.16673481464386
4.5072221755981445
4.942963570356369
4.820462167263031
3.368776962161064
4.165515303611755
4.912821054458618
4.6934860944747925
4.04277965426445
4.994255602359772
2.5587712973356247
4.974303841590881
4.9774980545043945
4.411465227603912
4.9917928874492645
3.7045346200466156
4.8173776268959045
3.635064661502838
4.675752222537994
4.783843606710434
4.762081503868103
4.222089201211929
4.9089215695858
4.964608401060104
4.923000633716583
4.8428986966609955
4.978237897157669
4.86632764339447
4.94642049074173
4.980785548686981
4.500546157360077
5.0
4.843830466270447
2.7501794695854187
4.972680062055588
4.514322280883789
4.960824102163315
4.867205917835236
3.6998405307531357
4.817447364330292
4.966811090707779
4.982677102088928
4.819553792476654
4.940738379955292
4.152900278568268
4.290546476840973
4.898426830768585
3.687954843044281
3.2297970354557037
4.967188090085983
5.0
4.9437446892261505
4.933286607265472
4.294830709695816
3.96416038274765
3.1273847073316574
4.990274161100388
4.121789187192917
4.555339813232422
4.671642184257507
4.442116618156433
4.922228157520294
5.0
4.771921932697296
4.993750751018524
4.345471262931824
3.095352351665497
4.971388280391693
4.979987442493439
4.9038249254226685
4.878927320241928
4.634690880775452
4.435698390007019
4.693485647439957
4.906558841466904
3.786408007144928
4.1818684339523315
4.35195580124855
5.000000596046448
4.417768865823746
4.651403874158859
4.719764143228531
4.942677915096283
4.377826601266861
3.1565386056900024
4.504874795675278
4.920426905155182
4.976565390825272
4.469589591026306
4.9295322597026825
4.938540160655975
4.999999701976776
4.397602379322052
4.866854697465897
4.970916360616684
4.083302617073059
4.999999850988388
4.904014766216278
4.841465651988983
4.896927773952484
5.000000596046448
4.951286762952805
4.778461456298828
4.906446784734726
4.961160272359848
4.643339514732361
4.707022160291672
4.994931071996689
4.815995395183563
4.386690258979797
5.0
4.509973973035812
4.674534052610397
4.085532128810883
4.830056130886078
4.981755912303925
4.4410401582717896
4.782100170850754
4.868810176849365
4.815556854009628
4.712269604206085
4.444642215967178
4.946740418672562
4.282362908124924
4.69378262758255
4.947865903377533
3.6029376089572906
4.148772656917572
5.000000298023224
4.910600483417511
4.735287427902222
4.86622154712677
4.823525547981262
2.568091657012701
5.0
4.862847328186035
4.677022993564606
4.892450571060181
4.989598244428635
4.908090233802795
4.808853268623352
4.997473061084747
4.928513169288635
5.0
5.0
3.02228856831789
2.8480838611721992
4.120383411645889
4.703112542629242
4.999999850988388
4.363704174757004
4.905211627483368
4.239916205406189
4.8127928376197815
4.496002644300461
4.18023556470871
4.695848375558853
4.950835108757019
4.137711524963379
4.776563793420792
2.806031797081232
4.384355694055557
4.716058969497681
4.620994478464127
4.751850664615631
4.838024973869324
4.633710980415344
4.8538751900196075
4.807201623916626
3.9391155540943146
4.197931289672852
4.514862447977066
4.875122308731079
4.87458273768425
4.508331120014191
4.894935339689255
4.999999850988388
5.0
4.592932909727097
4.61196705698967
5.000000298023224
5.0
3.362226039171219
4.070051610469818
4.870633482933044
5.000000298023224
4.365367889404297
4.988624304533005
4.80523020029068
3.291257917881012
5.0
4.132979661226273
4.974719136953354
4.79514479637146
5.000000596046448
3.007284253835678
4.042918086051941
4.999999850988388
4.720806181430817
4.9053773283958435
4.873456358909607
4.930259734392166
4.657764583826065
4.441014528274536
4.573338627815247
4.568587988615036
4.725478887557983
4.203040301799774
4.828241020441055
4.353151917457581
3.324820175766945
4.9938686192035675
4.916312545537949
4.746704548597336
4.957664906978607
4.602706730365753
4.8830220103263855
4.210743606090546
4.907223582267761
4.579681903123856
3.9250917732715607
3.9564350247383118
4.955511689186096
4.745601415634155
4.87266480922699
4.98281717300415
4.7103241086006165
4.867366850376129
4.694380164146423
4.886825829744339
4.231604039669037
4.836788028478622
4.812751263380051
4.085776209831238
4.651952385902405
4.599456787109375
3.8110949099063873
4.798024892807007
4.997783452272415
5.000000298023224
4.996771514415741
4.9066126346588135
4.705067276954651
4.903387427330017
4.901455640792847
4.87988144159317
4.648350477218628
4.490275979042053
4.016591012477875
4.819994419813156
4.845110476016998
4.715987741947174
4.2891572415828705
4.345195889472961
4.863254129886627
4.9614256620407104
4.90992397069931
4.211578816175461
4.978926777839661
3.8862283527851105
4.388207793235779
5.0
4.575493186712265
4.944237321615219
3.0610263720154762
5.000000298023224
4.999999850988388
3.8700035214424133
3.0280423164367676
5.0
4.862947314977646
4.64631125330925
4.968649446964264
4.409335404634476
4.9882809817790985
4.60387796163559
4.495563358068466
4.512101709842682
5.0
4.810702353715897
4.2786335945129395
4.999999701976776
2.90334589779377
5.0
3.59052836894989
5.0
5.0
4.843633770942688
4.969240576028824
4.760787487030029
5.0
4.999999552965164
4.550981521606445
4.714163541793823
5.0
5.0
4.920426905155182
4.337427616119385
4.315245300531387
4.4972798228263855
4.10842552781105
3.0931367725133896
4.965618550777435
3.908279836177826
4.911491572856903
5.0
4.807055592536926
2.777261510491371
2.748522572219372
4.543221592903137
4.879906177520752
3.8197530806064606
2.9042036831378937
4.425238221883774
4.936843514442444
4.363613426685333
4.9727727472782135
4.951909184455872
4.8125699162483215
4.80297327041626
4.891788959503174
2.828155979514122
4.696889370679855
4.906446784734726
4.937778860330582
4.280180633068085
4.957707226276398
4.9580176174640656
4.951191246509552
4.780769348144531
4.704269170761108
4.2594727873802185
4.999999850988388
4.602706730365753
4.783843606710434
4.654033184051514
4.962935894727707
4.85091507434845
4.912140071392059
4.978121072053909
4.952099770307541
4.959999322891235
4.5578813552856445
4.492769241333008
4.946083724498749
3.015245646238327
4.936029464006424
4.999999701976776
4.773664772510529
4.208870232105255
4.309584200382233
4.699932634830475
4.596889019012451
4.169052839279175
4.3871113657951355
4.976345598697662
4.609895050525665
4.979039579629898
4.803799390792847
3.4782423079013824
4.852007329463959
4.720546901226044
4.904812574386597
4.951179325580597
2.721017338335514
4.737325310707092
4.249054193496704
4.497011303901672
4.736553728580475
4.935287535190582
4.349287152290344
4.893505871295929
4.886443316936493
4.984032511711121
4.77947399020195
4.819479286670685
4.325694590806961
4.411285370588303
4.800778329372406
4.116151332855225
4.4271597266197205
4.75357323884964
4.753863513469696
5.000000298023224
5.0
5.000000298023224
4.995578825473785
2.633382258936763
2.883697636425495
5.0
4.931841790676117
4.971187859773636
4.920004308223724
4.954022318124771
4.205487221479416
5.0
4.311460107564926
4.533224999904633
4.740647077560425
4.2102742195129395
3.077445365488529
4.896802604198456
3.1263411045074463
5.0
4.909038543701172
4.49617400765419
3.643278628587723
4.360828697681427
4.92545560002327
4.8764389753341675
4.999999403953552
4.694085568189621
4.941666126251221
4.761496484279633
4.989393949508667
4.130911231040955
4.925533831119537
4.9794164299964905
4.865694046020508
4.563407003879547
2.9161449521780014
4.659555554389954
3.8314642012119293
5.0
4.999999850988388
4.93306040763855
5.0
4.923608154058456
4.356643706560135
4.002721607685089
4.338745176792145
4.8268285393714905
4.964723587036133
4.913274198770523
4.824988692998886
4.6917882561683655
5.000000298023224
4.933456480503082
5.000000596046448
4.618768095970154
4.523816555738449
4.266351759433746
4.267675876617432
5.0
4.334704279899597
4.435870945453644
4.720168113708496
4.949474930763245
4.348318725824356
4.21035498380661
4.05399888753891
4.099886417388916
4.666188955307007
3.220158964395523
4.9074336886405945
5.000000596046448
4.833783358335495
4.778958857059479
3.82133349776268
4.94795948266983
4.876991808414459
4.846853017807007
4.076208621263504
4.876937121152878
4.753345847129822
4.573795795440674
4.742490649223328
4.9771687388420105
4.900178611278534
4.999999850988388
4.929277449846268
5.000000298023224
4.999999701976776
4.949628710746765
5.0
3.043644092977047
4.896101355552673
4.788165390491486
4.913559556007385
4.712211787700653
4.589041620492935
4.4875942170619965
4.180435240268707
4.974542558193207
4.8915135860443115
4.976108521223068
4.976181834936142
3.616284430027008
5.0
3.41148242354393
4.9952903389930725
4.991655051708221
3.7533190846443176
4.816290438175201
4.318922758102417
4.692468345165253
4.48773592710495
3.1937187910079956
4.85994890332222
4.937668740749359
4.556508362293243
4.839411973953247
4.886638820171356
3.8614076375961304
4.956463426351547
4.383072704076767
4.745623469352722
4.978434443473816
3.1834764778614044
3.477832078933716
4.225464165210724
4.618578851222992
4.796437919139862
4.878125488758087
4.878446459770203
4.6350884437561035
4.309761077165604
4.766559600830078
4.944601058959961
4.991680979728699
3.5812778025865555
4.719832390546799
4.86657440662384
4.833671450614929
4.975305646657944
3.99927094578743
4.903398901224136
4.003443717956543
4.999999552965164
4.957991242408752
5.0
4.892463684082031
3.2995153963565826
4.631806015968323
4.999999552965164
4.350339025259018
4.843548983335495
3.3751194179058075
4.749835729598999
3.7489203363656998
4.754840135574341
4.831032305955887
4.899667799472809
4.592510759830475
4.933707416057587
4.561752676963806
5.0
4.8820289969444275
4.949435591697693
4.985200017690659
4.951212853193283
4.948877990245819
3.320544511079788
4.312399923801422
4.986045956611633
5.0
4.512700140476227
4.999999701976776
4.933658242225647
5.0
4.769357889890671
5.0
4.3473657965660095
4.347226470708847
4.0240247547626495
4.699978828430176
4.9436794221401215
4.707304537296295
4.686531573534012
4.219653010368347
4.6082603931427
4.949726462364197
4.968453347682953
4.905566871166229
4.919250011444092
4.819585382938385
4.726972728967667
4.509814232587814
4.57231730222702
4.805129170417786
4.905527979135513
4.88423615694046
4.862101376056671
4.869566410779953
4.582119733095169
4.999999701976776
4.918933063745499
5.000000298023224
4.929316192865372
4.713204354047775
4.962038546800613
5.0
4.836576282978058
4.975809454917908
4.983314573764801
4.71577376127243
4.930678308010101
4.3356117606163025
3.0162784457206726
4.984143078327179
3.0965663492679596
4.887554347515106
5.0
4.868835210800171
4.967595487833023
4.938018471002579
4.914175271987915
3.194097727537155
4.779953956604004
4.743401259183884
4.999999701976776
4.900299161672592
4.678313732147217
4.709283113479614
4.917435050010681
4.791938364505768
5.0
4.5833127200603485
4.452172219753265
4.61038738489151
4.614429473876953
5.000000596046448
3.298144116997719
4.768185317516327
4.845598489046097
4.894147962331772
5.0
4.827101230621338
3.8980016112327576
3.6804430931806564
4.454089850187302
4.531929641962051
4.2299684882164
4.616939127445221
4.953510761260986
2.8142748028039932
4.643800258636475
4.91255909204483
4.620816111564636
4.9300044775009155
5.0
3.981541395187378
3.826206922531128
4.130698144435883
5.000000596046448
4.965952634811401
5.000000298023224
4.729617685079575
5.000000596046448
4.736659228801727
4.502149522304535
4.801465272903442
4.413846135139465
3.0044054239988327
4.973912835121155
4.966532289981842
4.77628767490387
5.000000298023224
4.778337180614471
4.913809895515442
5.0
4.857711493968964
3.8052448630332947
3.201177269220352
4.925809800624847
3.098309449851513
4.541890919208527
4.993027746677399
4.9655985832214355
4.516488164663315
5.000000298023224
4.983639717102051
4.856411814689636
4.557240754365921
4.72603902220726
4.624248296022415
4.607312977313995
4.799305200576782
5.000000298023224
4.4309064745903015
3.996337354183197
4.924798011779785
4.7073280811309814
4.949417412281036
4.995899498462677
4.93634358048439
2.7584167197346687
4.807055592536926
5.0
2.7375562116503716
4.108920097351074
4.419748783111572
4.796805828809738
3.0402104929089546
4.941207766532898
4.980930984020233
4.5804548263549805
4.73040908575058
4.595631659030914
4.227914214134216
5.0
4.329689592123032
4.276626706123352
4.916794002056122
4.696889370679855
4.9557605385780334
4.339233636856079
4.934108704328537
4.919992983341217
4.869106411933899
2.7874618396162987
4.77026641368866
4.6925899386405945
5.0
3.9746469259262085
4.972454756498337
4.924531131982803
4.964487552642822
4.944560080766678
4.598509073257446
5.0
4.965871572494507
4.888036251068115
4.691261053085327
2.682950608432293
4.67295840382576
4.914838522672653
4.493520259857178
4.195077419281006
4.677858650684357
4.167605042457581
4.500531852245331
4.999999701976776
4.989739656448364
3.271835893392563
3.0254700407385826
4.999999701976776
4.999999701976776
4.994976967573166
4.732855260372162
4.8845162987709045
4.828729629516602
5.0
4.395027458667755
4.925086945295334
4.3910470604896545
3.9138077199459076
4.777484238147736
4.999999701976776
4.987154006958008
4.642589688301086
4.914877414703369
4.947720170021057
4.9501824378967285
4.927673637866974
4.626085609197617
4.670017063617706
5.0
4.918723106384277
2.738608941435814
4.829353541135788
4.863966703414917
4.387999773025513
5.0
4.984486997127533
4.362746179103851
4.734374135732651
4.755789637565613
4.89014208316803
4.861724227666855
4.605222642421722
4.99003067612648
4.957143664360046
3.9433468878269196
4.969427436590195
3.212786763906479
4.999999850988388
4.865361899137497
4.924286901950836
4.962823390960693
4.981755912303925
4.923568069934845
4.976395815610886
2.60918696410954
4.547680616378784
5.0
5.0
4.5993199944496155
5.000000298023224
4.9265773594379425
4.842174053192139
4.639193117618561
4.777846932411194
5.0
2.456211936660111
4.887049198150635
4.652252197265625
4.609895050525665
4.927743822336197
4.0534719824790955
4.766887724399567
4.726124107837677
2.926023080945015
