4.9497538805007935
4.605728089809418
4.8848046362400055
4.908788800239563
4.714621752500534
4.73672017455101
4.7525496780872345
4.715220928192139
4.93497759103775
4.968712329864502
4.921532720327377
4.522094428539276
4.785937070846558
4.866597205400467
4.853052496910095
5.000000298023224
4.889576435089111
4.819374084472656
4.748124480247498
4.769021272659302
4.900946617126465
4.712216854095459
4.734868407249451
4.718715846538544
4.924089014530182
4.947205036878586
4.876810610294342
4.8214007914066315
4.91568386554718
4.805105030536652
4.928228557109833
5.000000596046448
4.760960042476654
4.643937051296234
4.847792387008667
4.893161654472351
4.894072711467743
4.755760282278061
4.542127996683121
4.87824946641922
4.78833481669426
4.899479448795319
4.825499057769775
4.7694942355155945
4.7685399651527405
4.549918472766876
5.0
4.949904829263687
4.8814646899700165
4.509095847606659
4.8878321051597595
4.858080595731735
4.798097014427185
4.994521141052246
4.853024780750275
4.962885677814484
4.851613640785217
5.0
4.951542317867279
4.709569364786148
4.860586225986481
4.77314680814743
4.8710669577121735
4.818965643644333
4.667270630598068
4.735839068889618
4.681725203990936
4.835835248231888
4.955773055553436
4.998226314783096
5.0
4.846930652856827
4.848669171333313
4.914014041423798
4.755508601665497
4.828426241874695
4.923715591430664
4.815648645162582
4.80592280626297
4.946454018354416
4.866977035999298
4.907748848199844
4.9269700050354
4.838334023952484
5.000000298023224
4.81760174036026
4.857800006866455
4.7577086091041565
4.54774484038353
4.758181571960449
4.622519314289093
4.9445027112960815
4.744632244110107
4.608899354934692
4.550346732139587
4.984309077262878
4.593746513128281
4.550062417984009
4.928498566150665
4.746672958135605
4.6792736649513245
4.904985874891281
4.794060289859772
4.869271665811539
4.748275279998779
4.836880713701248
4.804327487945557
4.79922279715538
4.661237597465515
4.821021556854248
4.873167872428894
4.817225933074951
4.727507829666138
4.716315567493439
4.925186485052109
5.000000298023224
4.78282630443573
4.655713140964508
4.3417781591415405
4.796394407749176
4.931445270776749
4.96615543961525
4.9275001883506775
4.750915169715881
4.510999768972397
4.503859281539917
4.852869510650635
4.874862879514694
4.803406894207001
4.741052687168121
4.785484671592712
4.608820378780365
4.913562387228012
4.789985120296478
4.715159386396408
4.241419434547424
4.146748632192612
4.706122875213623
4.850760847330093
4.791382402181625
4.60918590426445
4.441834390163422
4.697890877723694
4.438521713018417
4.747060537338257
4.873923063278198
4.772576689720154
4.726713299751282
4.836329519748688
4.95758593082428
4.303696304559708
4.815933555364609
4.963021874427795
4.734387099742889
4.873334467411041
4.557088613510132
4.75481703877449
4.716786295175552
4.873965084552765
4.925447255373001
4.764347672462463
4.8380982875823975
4.596779942512512
4.55206573009491
4.793549031019211
4.793478399515152
4.931614100933075
4.916921854019165
4.843550324440002
4.6018582582473755
4.762926250696182
4.946172386407852
4.870283603668213
4.694125056266785
4.733459055423737
4.666776657104492
4.871986359357834
4.523874223232269
4.93787556886673
4.856570065021515
4.633293598890305
4.644414931535721
4.8901063203811646
4.626527428627014
4.686616957187653
4.808789044618607
4.33103933930397
4.524647891521454
4.544384777545929
4.7064244747161865
4.496407508850098
4.826781153678894
4.784781038761139
4.912871867418289
4.216590225696564
4.803573042154312
4.6824608743190765
4.77279931306839
4.954880326986313
4.422275274991989
4.719097018241882
4.76323127746582
4.6018630266189575
4.216491878032684
4.639301002025604
4.951870441436768
4.645843803882599
4.2838722467422485
4.597095847129822
4.5820534229278564
4.584348797798157
4.501474499702454
4.597588926553726
4.828220307826996
4.806787967681885
4.8271094262599945
4.602892100811005
4.601243734359741
4.811297208070755
4.682307243347168
4.80982318520546
4.8090000450611115
4.332354366779327
4.3344345688819885
4.879828691482544
4.914105534553528
4.765764474868774
4.7779880464077
4.369797855615616
4.93901789188385
4.87258180975914
4.791316986083984
4.600340723991394
4.506451487541199
4.97438058257103
4.5641061663627625
4.493689835071564
4.710566401481628
4.743381142616272
4.652457535266876
4.636443853378296
4.8699089884758
4.899722784757614
4.5509640872478485
4.876658767461777
4.361836314201355
4.588529169559479
3.9520755410194397
4.348301440477371
4.910924434661865
4.872927665710449
4.805193543434143
4.738746285438538
4.902125298976898
4.57446426153183
4.6850451827049255
4.578426629304886
4.3071164190769196
3.8839708268642426
4.406855404376984
4.368352591991425
4.92388516664505
4.4672891497612
4.886025786399841
4.668459594249725
4.859316647052765
4.783945381641388
4.756767153739929
4.738524854183197
4.282544553279877
4.349621683359146
4.858179688453674
4.451002925634384
4.549838006496429
4.779845476150513
4.6785858273506165
4.669947624206543
4.2913903295993805
4.533686637878418
4.469600319862366
4.3773601949214935
4.674893915653229
4.811277091503143
4.479157030582428
4.828489422798157
4.84132707118988
4.628551006317139
4.665018320083618
4.547507017850876
4.418427050113678
4.363031089305878
4.5249952375888824
4.53631117939949
4.489698559045792
4.637514054775238
4.814996123313904
4.56388995051384
4.6318259835243225
4.597197920084
4.390185326337814
4.320359081029892
4.091892391443253
4.770902842283249
4.836419224739075
4.731701612472534
4.7414761781692505
4.217904508113861
4.296391010284424
4.62278425693512
4.631096124649048
4.872513711452484
4.932697266340256
4.3719640374183655
4.558054655790329
4.2801982164382935
4.472847580909729
4.412954896688461
4.603382647037506
3.774070590734482
4.718064367771149
4.545949101448059
4.348444044589996
4.874767065048218
4.75603461265564
4.645012021064758
4.089528918266296
4.505024403333664
4.653140008449554
4.743362069129944
4.845818132162094
4.7866807878017426
4.9548229575157166
4.887226223945618
4.769666790962219
4.680980294942856
4.420616328716278
4.90883469581604
4.823566377162933
4.681187719106674
4.71047505736351
4.823457449674606
4.2480239272117615
4.636920392513275
4.629082679748535
4.749833941459656
4.760694801807404
4.35151144862175
4.504079222679138
4.40522775053978
4.455184638500214
4.723430573940277
4.759678542613983
4.876176863908768
4.551480412483215
4.495050758123398
4.561136215925217
4.857729822397232
4.674527049064636
4.36279833316803
4.691474139690399
4.37961608171463
4.307756870985031
4.572556912899017
4.593561738729477
3.6046382784843445
4.463274776935577
4.502175897359848
4.210349768400192
4.7662729024887085
4.4809490442276
4.486719369888306
4.15617048740387
3.875577449798584
4.860413670539856
4.777342528104782
4.842445999383926
4.949540048837662
4.77849006652832
4.32677298784256
4.428194761276245
4.337690472602844
4.882546365261078
4.737768769264221
4.780156165361404
4.6823519468307495
4.495753198862076
3.977144956588745
4.588063061237335
4.78061318397522
4.589428603649139
4.808601140975952
4.665049910545349
4.508446305990219
4.964137673377991
4.548681378364563
4.677553474903107
4.7380028665065765
3.983210027217865
4.442762136459351
4.747260510921478
4.390427321195602
3.793303370475769
4.288171231746674
4.750481098890305
4.814683496952057
4.682421386241913
4.654720276594162
4.490828216075897
4.755459427833557
4.799613952636719
4.783900082111359
4.311074763536453
4.444994479417801
4.0564389526844025
4.201151132583618
4.683696925640106
4.620591402053833
4.096939265727997
4.585189521312714
4.2433008551597595
4.617663025856018
4.283103942871094
4.168418049812317
3.9469410479068756
4.410769939422607
4.499077200889587
4.449132829904556
4.638104885816574
4.802480787038803
3.8761064410209656
4.543003886938095
4.4704195857048035
4.733157008886337
4.054397493600845
4.4353315234184265
4.296621233224869
4.102560877799988
4.435737431049347
4.374283701181412
4.68764990568161
4.118905663490295
4.839150905609131
4.513971358537674
4.689036309719086
4.347305148839951
4.313803315162659
4.446241557598114
4.550471752882004
4.809439480304718
3.983585089445114
4.781675040721893
4.86970379948616
4.272368252277374
4.552590847015381
4.564945846796036
4.854325354099274
4.534569084644318
4.260259121656418
3.9491093158721924
4.2881885170936584
4.406930506229401
4.004024565219879
4.438904970884323
3.3213797211647034
4.5339809358119965
4.5541152358055115
4.199628680944443
4.45691704750061
4.948594868183136
4.459608942270279
4.409783482551575
4.553843438625336
4.728248417377472
4.867252707481384
4.440420567989349
3.690863773226738
4.721264541149139
4.523206651210785
4.213536232709885
4.2587462067604065
3.8909441232681274
4.425553381443024
4.9172841012477875
4.09734383225441
3.9193475246429443
4.343815594911575
4.479710757732391
4.342159926891327
4.583666771650314
4.279503971338272
4.404928684234619
4.1633108258247375
4.242539703845978
4.189925491809845
4.448308050632477
4.6668341755867
4.320412129163742
4.74243551492691
4.718736559152603
4.366288185119629
3.7771132588386536
4.109612256288528
3.3696895837783813
4.731268435716629
4.196347296237946
4.403101801872253
4.288345575332642
4.105100929737091
4.705743789672852
4.718863070011139
4.5823246240615845
4.874352067708969
4.29375484585762
4.25328865647316
4.490353465080261
4.509651958942413
4.569663256406784
4.6305932104587555
4.063913524150848
4.283222556114197
4.472565650939941
3.948875665664673
4.7388336062431335
4.6143025159835815
4.755426645278931
4.166257381439209
3.8710208237171173
4.376211911439896
4.240061342716217
4.214635193347931
3.843398690223694
4.442742019891739
4.01246577501297
4.328638017177582
3.765384256839752
4.574674665927887
4.749313592910767
4.7978901863098145
4.292935431003571
4.810082316398621
4.147708415985107
4.207652509212494
3.8508257269859314
3.7525108456611633
4.151107966899872
4.6849289536476135
4.146617650985718
3.792940527200699
4.511409401893616
4.5239028334617615
4.6210625767707825
4.238453209400177
4.870489239692688
4.291853904724121
4.715554118156433
4.760348051786423
4.484492242336273
4.426186978816986
4.893079251050949
4.370138049125671
4.393157958984375
4.765465557575226
4.3652477860450745
4.638967365026474
4.492034316062927
4.762540906667709
4.110300987958908
4.47656586766243
4.3893446028232574
4.395749866962433
3.791334629058838
4.18527215719223
3.6401280760765076
4.259803295135498
4.657949507236481
4.44847971200943
3.9225393533706665
4.718585014343262
4.265284836292267
4.188973903656006
4.362029433250427
4.254712015390396
4.7349511086940765
4.275929778814316
4.426842927932739
4.019487202167511
4.5056068897247314
4.2326706647872925
4.2620158195495605
4.593163281679153
4.582835137844086
4.326481968164444
4.435803294181824
4.515644758939743
4.234253168106079
3.9087218046188354
3.5831402242183685
3.4905441105365753
4.354816675186157
3.776395618915558
4.189382046461105
3.976666182279587
4.1593338549137115
4.108751118183136
4.428393542766571
3.92317533493042
4.47273850440979
3.8207004964351654
4.399356544017792
4.36627060174942
3.3988676965236664
4.080703407526016
3.776845932006836
4.625879526138306
4.285343885421753
4.140000492334366
4.327757358551025
3.994475305080414
4.611919075250626
3.750370740890503
4.0732622146606445
3.245890736579895
4.234417378902435
4.684183597564697
3.650994896888733
4.597532153129578
3.4697987884283066
4.529944062232971
4.48144868016243
3.7925557792186737
4.824742078781128
3.8030165433883667
4.158445596694946
3.9039218425750732
3.48233126103878
4.557166695594788
3.770337253808975
3.7581148743629456
3.9531460404396057
4.2300719022750854
4.286395311355591
4.486142694950104
4.294426441192627
4.173142462968826
4.480626881122589
3.7426800280809402
4.4810545444488525
4.4972750544548035
4.119986593723297
4.20946940779686
4.185780435800552
4.399203658103943
4.244099259376526
4.661633372306824
3.5608749836683273
4.590839743614197
3.3746694028377533
3.7106873095035553
4.743186980485916
3.4935808181762695
4.132704138755798
4.833148419857025
3.9334212243556976
4.507414698600769
3.9311522245407104
4.402061253786087
4.7715336084365845
3.5384535789489746
4.231276214122772
3.8361547887325287
4.27703857421875
4.177674949169159
4.052596390247345
4.3697333335876465
4.164192080497742
4.504936337471008
4.062463939189911
4.435941725969315
4.609387218952179
3.8109368085861206
3.9955055713653564
4.246890097856522
3.823021650314331
4.255981743335724
4.1130998730659485
4.738433063030243
3.8873854279518127
4.352392256259918
4.144791066646576
3.943161964416504
4.101218283176422
3.5026000440120697
3.678813725709915
4.82338160276413
4.229200184345245
4.082415401935577
4.175567030906677
4.388188719749451
4.191029220819473
3.6552800238132477
3.4837114810943604
4.142767786979675
4.148867726325989
3.513689264655113
4.887606501579285
3.3129295706748962
4.29347887635231
4.036359935998917
4.003159701824188
2.978258617222309
4.408024847507477
4.430703818798065
4.582013338804245
4.012245535850525
4.533521831035614
3.7187495827674866
4.299987405538559
3.687399849295616
4.701781272888184
3.8748784363269806
3.6200766265392303
4.307106286287308
4.574531614780426
3.889072984457016
4.365639090538025
3.983224183320999
3.788902759552002
3.7824247777462006
3.921458125114441
3.695121109485626
4.2234595119953156
4.614286869764328
3.540489226579666
3.9828787744045258
3.8021716475486755
4.530789107084274
3.2196180522441864
4.237480461597443
4.464052319526672
4.351054131984711
4.814059287309647
4.149081856012344
4.3132442235946655
3.9884133636951447
4.443761855363846
4.5685552060604095
4.267159104347229
3.9490148425102234
3.927951157093048
4.170643091201782
4.275006949901581
4.316742718219757
4.004212915897369
3.571445122361183
3.9068536460399628
3.709818124771118
4.272272884845734
4.2203980684280396
4.025230407714844
4.205295443534851
3.9565791189670563
3.8019180297851562
3.6583778262138367
3.9595338702201843
3.9571040868759155
3.6346887052059174
3.629991263151169
4.477508217096329
4.439084231853485
3.463839292526245
4.129645228385925
2.7027564868330956
4.335476905107498
3.8650965690612793
3.9799097180366516
3.310888633131981
4.422919154167175
4.127375483512878
4.305664598941803
4.0345704555511475
3.8489747047424316
3.237202912569046
3.798777759075165
3.8084030151367188
4.402605593204498
3.9599908888339996
4.702626317739487
3.396468833088875
3.812766671180725
4.00277316570282
4.0478116273880005
4.450153559446335
4.003475904464722
3.695284053683281
4.524863660335541
4.87147182226181
4.916086196899414
4.8642511665821075
4.85708549618721
4.4439055025577545
4.717614948749542
4.765040874481201
4.984056651592255
4.911883771419525
4.920779168605804
4.87714484333992
4.842197597026825
5.000000298023224
4.8933520913124084
4.686571657657623
4.13165807723999
5.0
4.87802729010582
4.516730010509491
4.766755998134613
4.8475417494773865
4.61911678314209
4.782369285821915
4.973912835121155
4.917038083076477
4.201210290193558
4.925246685743332
4.785654246807098
4.877443015575409
4.9223387241363525
4.737630635499954
4.96228814125061
4.458135962486267
4.6939197182655334
4.141567647457123
4.624080955982208
4.961512237787247
4.257614314556122
4.978813529014587
4.90261510014534
4.951596558094025
4.814009964466095
4.723039865493774
3.98884654045105
4.858025908470154
4.69520166516304
4.798230528831482
4.118237495422363
4.720098674297333
4.095226526260376
4.7667281329631805
4.917687922716141
4.907263815402985
4.915822297334671
4.881296753883362
4.890419840812683
4.836475849151611
4.73048135638237
4.927188158035278
4.670434296131134
4.805914908647537
4.670974314212799
4.877517223358154
4.878335893154144
4.835274368524551
4.908206909894943
3.5611501336097717
4.059736579656601
4.535422325134277
4.86996203660965
4.887627363204956
4.875066727399826
4.243100881576538
4.524371474981308
4.681382328271866
3.8777193427085876
4.632807224988937
4.923692941665649
4.848760962486267
4.89718496799469
4.766764938831329
4.351433515548706
4.464779496192932
4.366059601306915
4.885787516832352
4.896317422389984
4.880385100841522
4.8659345507621765
4.8857903480529785
4.855636954307556
4.311466813087463
4.2327383160591125
4.181903451681137
4.618448913097382
4.901575446128845
4.170010089874268
3.619958981871605
3.938388228416443
4.778708517551422
4.700010418891907
4.020845293998718
4.830925762653351
4.822268784046173
4.148590713739395
4.826332926750183
4.849337488412857
4.62271511554718
4.7168006002902985
4.925418943166733
4.765295088291168
4.841940402984619
4.839143306016922
4.499581158161163
4.671797752380371
4.52290877699852
4.160902202129364
4.524369984865189
3.75263050198555
4.6079738438129425
4.698996543884277
4.245469868183136
4.451521337032318
4.776648581027985
4.501216113567352
4.415677785873413
4.471672773361206
3.904445320367813
4.61161807179451
4.100662469863892
4.602623879909515
4.184548109769821
4.530467391014099
4.440636038780212
4.406318962574005
4.68038022518158
4.76963073015213
4.749174565076828
4.589380174875259
4.545446336269379
4.64898943901062
4.192036688327789
4.194133877754211
4.413832426071167
4.304071068763733
4.759073555469513
4.178439676761627
3.4539809823036194
4.4133782386779785
3.9122334122657776
4.414665102958679
4.5321860909461975
4.66553807258606
3.945704698562622
3.9374950528144836
4.20127660036087
4.377450048923492
4.362051039934158
4.288236647844315
4.707452058792114
4.487917572259903
4.295401871204376
4.7743916511535645
4.322438538074493
3.476531431078911
4.800279289484024
4.435285329818726
4.791363924741745
4.670130014419556
4.795820713043213
4.887894093990326
4.177440106868744
4.181203842163086
4.053148925304413
3.598792850971222
4.716635346412659
3.950134515762329
4.417368471622467
4.720243513584137
3.88138085603714
4.837300032377243
4.585022330284119
4.895941913127899
4.572908133268356
4.512616693973541
4.065358638763428
4.322792291641235
4.2532965540885925
4.435558170080185
4.6008411049842834
4.5107501745224
3.723316043615341
4.105568826198578
4.539251774549484
4.509757310152054
4.328507035970688
4.476853013038635
4.201980084180832
4.871670603752136
4.228104203939438
3.2562465220689774
4.439919888973236
4.4641682505607605
3.900619149208069
3.9594227075576782
4.50177863240242
4.015713781118393
4.387606978416443
4.840252697467804
3.9171692728996277
4.0154896676540375
3.8330477476119995
4.575397968292236
4.639693051576614
4.550149440765381
4.2780327796936035
3.632766604423523
4.260568618774414
4.6245549619197845
4.56946074962616
4.570768475532532
4.240705668926239
4.206763505935669
4.375835806131363
4.335908144712448
4.333187490701675
4.296737313270569
4.441686421632767
4.845937043428421
4.223794788122177
4.188404828310013
3.453918546438217
4.296457469463348
4.057318717241287
4.266183823347092
3.7277603149414062
3.941822499036789
4.373253881931305
4.67373326420784
4.525049328804016
4.325414597988129
4.531097263097763
4.162087291479111
3.9852748811244965
3.2837973535060883
3.0110643804073334
4.910772442817688
3.813248425722122
4.563957452774048
3.7491709738969803
4.342149496078491
4.527932703495026
3.892858624458313
4.162143170833588
3.5730114579200745
4.19878214597702
4.554191678762436
4.622737169265747
3.732091560959816
4.047945141792297
4.324422776699066
4.1034433245658875
3.7194326519966125
3.9872893691062927
4.483433961868286
3.763088285923004
4.450725317001343
4.176603406667709
3.6439281702041626
4.094552546739578
4.727504849433899
3.6606749892234802
4.316455125808716
4.6332792937755585
3.83843332529068
4.695146530866623
4.148561060428619
4.141797870397568
4.347843825817108
4.863255620002747
3.988751173019409
3.32383930683136
3.340616896748543
4.924741983413696
4.389538764953613
4.072299748659134
3.410738855600357
3.9787569642066956
4.709125608205795
4.940308034420013
3.883855938911438
4.7843047976493835
4.230283200740814
3.929670751094818
4.156995564699173
4.270791560411453
3.8327768445014954
4.251956641674042
3.9490967988967896
4.319488853216171
4.253488779067993
4.67959001660347
4.31198850274086
3.940289616584778
3.9605921506881714
4.245720952749252
3.8022415339946747
4.484399855136871
3.7899109721183777
4.766089916229248
4.644463211297989
4.094619899988174
4.533502161502838
3.4472477436065674
3.5163789987564087
4.047467112541199
3.591221272945404
4.749633371829987
3.2419253885746
3.3337458968162537
3.7565504014492035
4.063814431428909
4.274367839097977
3.813168704509735
4.387265145778656
3.9879725873470306
4.215232282876968
3.605690225958824
4.10293847322464
3.5457080602645874
3.9212487637996674
4.544070512056351
4.216069579124451
4.302321374416351
3.989989310503006
4.5201389491558075
4.360412955284119
3.7181174755096436
3.7448879331350327
4.106298238039017
4.080992788076401
4.69414621591568
3.7690873444080353
4.291457533836365
3.9035359025001526
4.0937539935112
3.9831404387950897
4.662725627422333
4.35556098818779
4.2603689432144165
4.123234152793884
4.032149314880371
3.8855305314064026
4.272559285163879
3.5469428449869156
3.992483913898468
4.538118839263916
3.471853733062744
4.295306354761124
3.523842915892601
3.982252776622772
4.115342497825623
4.21637624502182
4.116722196340561
4.049585163593292
3.8736453652381897
4.2588090896606445
3.883376866579056
3.3664609491825104
4.264356195926666
3.8456495106220245
3.5484813153743744
3.1481778621673584
3.723759949207306
3.344986215233803
3.8377641141414642
2.9316741600632668
3.8883176445961
4.0858787298202515
4.031597375869751
4.141302406787872
3.973277062177658
3.8358619809150696
3.349190801382065
3.89709934592247
3.5546110570430756
3.7515565752983093
3.2582873106002808
4.200193881988525
4.183366298675537
3.6632877588272095
4.748697280883789
4.2433807253837585
4.370001256465912
3.1848999112844467
3.5278282314538956
4.110665917396545
3.591700792312622
3.7488143146038055
3.9583763480186462
4.226810932159424
3.680974692106247
4.0795473754405975
4.367471784353256
4.018264710903168
3.111569434404373
4.051575213670731
4.514254331588745
3.951141983270645
3.893430531024933
4.536866843700409
3.6426810175180435
4.196546375751495
3.7429631501436234
3.4886402636766434
4.048307090997696
4.455602467060089
3.4534941613674164
4.14037823677063
4.215843677520752
3.734310269355774
4.216776788234711
4.604884684085846
4.033889472484589
4.6968889236450195
3.819173127412796
3.568013682961464
4.344915151596069
3.161607086658478
4.768003821372986
4.51182022690773
3.72348815202713
3.9509807527065277
3.757305145263672
3.9537858963012695
3.4067047387361526
4.104998707771301
3.3865219354629517
3.9334195852279663
3.8410264253616333
3.947674036026001
3.491063117980957
3.6511825025081635
3.5660530626773834
3.9631932973861694
3.338383510708809
4.022999554872513
3.7834085524082184
4.311842322349548
3.764708638191223
3.2555364072322845
3.3580701798200607
3.5616061091423035
3.038184642791748
3.958592712879181
3.924233615398407
3.343857228755951
3.8594070076942444
3.3816075325012207
3.826614171266556
4.118598103523254
4.404453784227371
3.87800395488739
4.16671022772789
3.8130903244018555
3.752789795398712
2.9112739488482475
3.747994750738144
3.829212188720703
3.5826431214809418
3.8471639156341553
3.8314464688301086
2.9160450771450996
3.9428889751434326
3.3226491510868073
3.240593522787094
4.054170399904251
4.076298475265503
3.832285702228546
3.980683535337448
3.725816011428833
3.184322640299797
3.7486951798200607
2.905731499195099
3.7482982873916626
3.4684860706329346
3.8106682896614075
3.6496923118829727
3.9067481458187103
4.501302987337112
4.192986786365509
3.27800452709198
3.984881490468979
3.7381157279014587
3.8524383306503296
4.1197265684604645
3.312876522541046
4.214655309915543
3.2638604938983917
3.776431977748871
2.7435256354510784
3.306770771741867
4.316631853580475
4.619331657886505
4.473733603954315
2.429953538812697
3.035338670015335
3.713952451944351
3.125576376914978
2.416932173073292
3.163655921816826
2.645731447264552
3.835165798664093
3.303893283009529
2.9416393488645554
3.1294599175453186
3.1233764067292213
3.0858489871025085
3.198818862438202
4.013086408376694
2.6085760444402695
3.0873867124319077
3.8087916374206543
3.25208380818367
3.028685748577118
3.966449946165085
3.9740270376205444
3.629373610019684
4.152655303478241
3.644260913133621
2.7449414506554604
3.485381007194519
3.854737877845764
3.824165314435959
3.0145757645368576
3.893868923187256
3.8549476861953735
3.1818345189094543
3.2625651359558105
3.045324422419071
3.1341098248958588
3.6583879590034485
3.6960212886333466
3.5336661338806152
3.6159899830818176
3.523392528295517
3.8816483318805695
2.394937090575695
2.909530997276306
2.86027442663908
2.8352786228060722
3.583040162920952
3.5795599222183228
2.904636487364769
4.11995142698288
3.462618961930275
4.0944430232048035
3.2474034279584885
4.078449308872223
3.888211250305176
3.1960858404636383
4.1076964139938354
3.300233483314514
3.215075358748436
2.7326238714158535
3.0969111248850822
3.5920152068138123
3.4175120294094086
2.8852664306759834
3.241436257958412
2.8988632559776306
2.687111422419548
3.8180333375930786
3.201543837785721
3.7533660233020782
3.929235339164734
3.477662354707718
3.61458882689476
4.0015581250190735
2.8819193318486214
3.748457580804825
3.3249475061893463
3.3627380430698395
2.877650447189808
3.3737915754318237
3.405844122171402
3.516344875097275
3.6510026454925537
3.461286947131157
2.5198925100266933
3.3335191011428833
3.116188533604145
2.6201277039945126
3.961886614561081
2.9664597287774086
3.7648771703243256
3.0928486585617065
2.592885596677661
2.8234142810106277
3.582715317606926
3.183949738740921
4.001720547676086
3.449924886226654
4.240879416465759
3.7844453752040863
3.4826870262622833
3.57177734375
3.6402727663517
2.5501424353569746
2.7749064192175865
3.5435907542705536
3.0514539778232574
3.164946362376213
3.3720534294843674
2.9023388773202896
2.9995889216661453
2.5385632691904902
3.34591843187809
3.082653656601906
3.4909671545028687
3.3673568814992905
3.8853003084659576
3.937191367149353
3.7738773226737976
2.705080844461918
2.731156423687935
2.832656502723694
2.812829799950123
3.6539359390735626
2.590774279087782
3.244383782148361
2.6790310628712177
3.2278604805469513
3.0138597264885902
2.670195661485195
3.4397538751363754
3.4127259254455566
3.6378850042819977
3.291683793067932
3.0277585610747337
3.2733254134655
3.387872129678726
3.3978450298309326
2.6218755077570677
2.8565166890621185
3.812883347272873
3.684500902891159
3.112793043255806
3.169928342103958
3.3518896996974945
3.0271127820014954
3.2630396634340286
3.339585065841675
3.481907993555069
3.367251306772232
3.9039458334445953
3.6498308926820755
3.458755761384964
2.7642827853560448
3.4282872080802917
2.9742350429296494
2.648175163194537
2.654843144118786
3.5357527434825897
2.475176607258618
2.433004998601973
3.014123775064945
2.594476295635104
3.876781463623047
3.2863518595695496
3.0100198835134506
3.376493752002716
2.7838727645576
3.0590080469846725
3.308272734284401
2.8250104188919067
3.0451012402772903
2.913115844130516
3.5511818528175354
3.0583618581295013
3.322111666202545
3.2934409379959106
2.536310199648142
3.0940933525562286
3.075813315808773
3.151569291949272
3.1088054925203323
3.057941198348999
4.065369516611099
3.449312597513199
2.295789197087288
2.469744044356048
4.0091872215271
2.778913378715515
2.5402146531268954
2.795255985110998
4.151550531387329
3.8437646627426147
2.2967486456036568
3.148671016097069
2.678193412721157
3.4547002613544464
4.350394904613495
2.663937844336033
