3.1181953847408295
3.748238980770111
3.634229451417923
3.1443962454795837
4.618916362524033
3.168437033891678
3.366817384958267
3.1451963633298874
4.321620911359787
3.0792520567774773
3.393438011407852
3.268826901912689
4.685545265674591
4.1839101910591125
4.778811484575272
4.327769428491592
3.14001701772213
3.268982619047165
3.6517594754695892
3.128783404827118
4.825242459774017
4.122213125228882
3.387317582964897
4.783056378364563
3.188345953822136
2.7592531219124794
4.754663407802582
4.07844752073288
2.715959884226322
3.704504817724228
3.3160001039505005
3.4362276643514633
3.299832120537758
3.2670795917510986
2.7970097959041595
3.370238021016121
4.482156336307526
4.215419590473175
3.844973146915436
2.8028205037117004
3.5158447921276093
3.4655166417360306
3.199480026960373
3.476209044456482
4.485061764717102
3.125610426068306
3.1669049710035324
4.907270669937134
4.007080495357513
3.2110916078090668
3.478025048971176
3.366820514202118
2.6125151105225086
3.861171156167984
4.4397933781147
3.349233567714691
3.448186218738556
3.3923181891441345
3.662232756614685
4.096247851848602
3.8876307010650635
4.363576173782349
4.139847755432129
3.3757226914167404
4.534604549407959
3.0972275137901306
4.81524258852005
4.660774618387222
3.2798107713460922
3.113335631787777
4.359850883483887
2.899942509829998
3.423668220639229
3.1804968416690826
3.2355327904224396
3.3943496644496918
3.766752779483795
3.525151163339615
3.5584737360477448
3.9331626892089844
3.644282817840576
3.9759376645088196
3.1193605065345764
4.736185669898987
3.6862273514270782
3.22954423725605
3.007788211107254
4.344675540924072
4.750338047742844
3.213627114892006
2.8513075411319733
3.428102731704712
4.026010185480118
3.0459319800138474
3.7969645857810974
3.048199489712715
3.5578399151563644
3.0934061855077744
3.4363901615142822
3.0113068222999573
3.523728922009468
4.727408736944199
3.8861557841300964
3.0268727242946625
3.1174286454916
2.815212905406952
4.372769147157669
4.798797369003296
3.458527773618698
4.722322225570679
3.24090912938118
4.063561260700226
2.632700130343437
3.017527088522911
3.5360635817050934
3.298611342906952
4.17648509144783
2.623217422515154
2.7760206162929535
3.401843085885048
4.176625609397888
3.9083756506443024
3.4095286577939987
3.5751596093177795
3.216981291770935
3.4850215911865234
4.03847873210907
3.405165672302246
4.011208117008209
2.659923769533634
3.874649703502655
2.8850095719099045
3.767387717962265
3.064787797629833
4.16517972946167
3.5304276645183563
4.940514862537384
4.585717618465424
2.8028820268809795
4.402593821287155
2.98282939940691
4.384864866733551
4.819826036691666
4.7210693359375
4.225594401359558
4.1798195242881775
3.0597400665283203
3.7502986192703247
3.7701062858104706
3.77787321805954
3.7746666371822357
3.0078334733843803
4.931233823299408
3.090788871049881
3.5278454422950745
4.467637538909912
2.8003253042697906
3.1207456067204475
3.541353940963745
3.6720477044582367
2.8240128606557846
4.582546204328537
3.5556046664714813
3.2714982330799103
4.092845916748047
3.420412838459015
3.7026820331811905
3.3405086398124695
3.281426429748535
2.9457197338342667
3.3600079268217087
3.6960618942976
3.2641538977622986
3.4713347256183624
3.4926801919937134
4.758235812187195
3.783329874277115
3.490791618824005
4.608340859413147
4.266970008611679
3.6324527114629745
2.7191561460494995
3.2748784869909286
3.4719644486904144
3.450263887643814
3.5541079938411713
2.9902325570583344
3.3832894265651703
3.0260612815618515
3.319603055715561
4.164935946464539
2.644569594413042
3.6646023392677307
3.367048278450966
2.952842265367508
4.471177756786346
2.969423085451126
3.175475299358368
3.8391801714897156
4.333357810974121
3.8824599981307983
4.442626535892487
4.0352217853069305
3.0990304052829742
2.6407134253531694
4.290938973426819
4.269576072692871
2.6803459972143173
2.8068188205361366
4.705540835857391
4.183291345834732
3.5656000673770905
3.9043065905570984
3.2165567576885223
2.999941371381283
2.9177358746528625
3.704361841082573
3.667249381542206
3.489745482802391
3.5549698024988174
3.611244410276413
4.179162085056305
3.812071979045868
4.733242690563202
3.6050747334957123
2.7607302740216255
3.1991251558065414
3.3226607739925385
3.746208995580673
2.79505318030715
4.265992045402527
3.204745799303055
4.25586611032486
2.98383217304945
3.3701736479997635
3.082916736602783
3.4262868762016296
3.277703821659088
3.5198982059955597
3.1685545295476913
4.351302236318588
4.580129683017731
3.5649940371513367
3.554181829094887
3.0783341079950333
4.0661075711250305
3.2801945507526398
3.824784606695175
3.9007778465747833
4.972501695156097
3.3670103549957275
3.104362078011036
3.5901208221912384
2.934964895248413
3.727509528398514
3.622872531414032
3.811619281768799
3.8868728280067444
4.342167377471924
3.367040678858757
3.669329136610031
4.364162236452103
3.874615877866745
3.5756126046180725
3.053531125187874
3.918665796518326
3.35378535091877
3.8357768952846527
2.840529680252075
4.495902359485626
3.5763151943683624
4.361651837825775
4.639694094657898
3.5671142488718033
3.785237967967987
3.2227370887994766
2.921954281628132
3.6569885909557343
3.014862760901451
4.560748636722565
3.177552968263626
3.058229088783264
2.885122634470463
3.9137814939022064
2.671650368720293
3.0896197259426117
3.7024958431720734
3.4074604511260986
3.380444645881653
3.827284872531891
3.2999996840953827
4.088869392871857
4.8680683970451355
2.992825023829937
3.5169973224401474
3.2089844346046448
3.450985625386238
3.617907613515854
3.4188950806856155
3.8554391264915466
3.3357305824756622
4.798389971256256
2.895459532737732
3.504955843091011
3.022248074412346
4.902825355529785
3.1784185767173767
2.8743446618318558
2.6502330042421818
4.796930253505707
4.6455419063568115
3.243865966796875
2.726042065769434
4.911985248327255
2.994510754942894
3.6032311618328094
3.0995161831378937
3.2669584453105927
4.334982335567474
3.910519629716873
2.9574982076883316
3.569404184818268
2.8669509664177895
3.37396502494812
2.7906415425240993
3.120213598012924
3.6683239787817
3.083478808403015
4.117674231529236
3.4743142127990723
2.9698502272367477
3.4352847933769226
3.8041381537914276
3.0303987488150597
4.233893007040024
4.17801171541214
2.954714521765709
3.210892751812935
3.4993430227041245
3.973105549812317
3.0420200899243355
3.158767819404602
3.6337774991989136
2.973000630736351
3.8633662462234497
2.7794366516172886
4.1451917588710785
3.0825169384479523
3.025146760046482
3.5226045548915863
3.5090026259422302
3.490580841898918
3.9273610711097717
3.224325478076935
3.7157612293958664
3.3788758516311646
3.513539656996727
3.2831107079982758
3.5539869219064713
3.7262606620788574
3.399771973490715
3.499772548675537
2.6400337368249893
3.007974252104759
3.442717343568802
2.849501296877861
3.769928514957428
3.8162991404533386
3.661831021308899
4.0589988231658936
3.8140732049942017
3.033795654773712
3.2186154276132584
3.6577104032039642
3.7657447159290314
3.6864109337329865
4.277127832174301
3.833587020635605
3.1976720690727234
3.4749161452054977
2.7219880931079388
3.9953255653381348
3.4656335413455963
3.702101856470108
3.0050163716077805
4.7449493408203125
3.5179781913757324
2.8189146891236305
3.38279128074646
3.1647413969039917
2.5431635743007064
3.4268343448638916
3.775189518928528
3.0891212448477745
3.1347380578517914
2.605589088052511
4.9007755517959595
4.572567790746689
2.7981459721922874
4.4590505957603455
3.8250750303268433
3.405890315771103
3.918142467737198
3.2815098762512207
4.566258192062378
3.443945422768593
3.9706507325172424
3.3368967473506927
3.018248602747917
3.458312302827835
4.497940540313721
3.598298653960228
2.905850037932396
3.221960812807083
4.925751090049744
4.144244939088821
3.378116190433502
4.1512808203697205
3.5754376649856567
2.6502524502575397
3.1421884894371033
4.640058279037476
2.882441356778145
3.153642639517784
3.5949400067329407
2.609057379886508
3.8605886697769165
3.808656483888626
2.967560701072216
3.2660913467407227
3.306361436843872
3.80978062748909
4.843316972255707
3.800147771835327
2.973005101084709
2.9990797489881516
4.4354455173015594
3.448556214570999
3.0806931108236313
3.227817267179489
3.5936346650123596
4.513006508350372
3.0766350775957108
3.322174549102783
3.2804983109235764
4.284729510545731
3.3657878637313843
4.455026686191559
3.0493660271167755
3.6692101508378983
3.7932196259498596
3.1223590299487114
3.639294356107712
3.2442480325698853
3.2117757201194763
2.7926000207662582
3.218850940465927
3.4887176752090454
3.0248090624809265
4.020830392837524
3.5912492126226425
3.780744820833206
3.69655504822731
3.3185436576604843
2.391649428755045
3.5310791432857513
3.44159796833992
3.8922148942947388
3.9618217945098877
3.139033615589142
2.9743969440460205
4.189042448997498
3.9271271228790283
3.477780967950821
4.059531986713409
4.881536215543747
3.4791620075702667
3.0780651792883873
3.3971191942691803
3.5271844267845154
4.2255620658397675
3.1877533346414566
3.6224304139614105
2.8787605091929436
3.35753858089447
2.633924577385187
2.932393401861191
2.723887711763382
3.803281784057617
3.2182112336158752
4.148104190826416
4.768311679363251
3.018951490521431
3.157341703772545
4.547161310911179
3.6913475394248962
4.582497030496597
3.32136832177639
3.5895928740501404
3.5415277630090714
2.7785211242735386
3.422360271215439
3.5710373520851135
2.9554078727960587
3.726884424686432
4.920783042907715
3.1136227026581764
3.9001868665218353
3.8904032111167908
3.0670947209000587
3.395409435033798
2.666654344648123
3.012167327105999
3.156277760863304
4.054700434207916
3.784887194633484
3.5031869262456894
2.9631398618221283
3.0676358938217163
3.6200271546840668
3.4502507746219635
3.4380003809928894
2.8814394772052765
3.1194203346967697
3.486667573451996
3.0228865891695023
3.308733031153679
3.6240196228027344
3.7564697861671448
3.907632529735565
4.152604341506958
3.5086002200841904
3.2289759814739227
4.177913963794708
2.895350009202957
3.365395814180374
4.854084253311157
3.3738230913877487
3.193303719162941
3.3740510046482086
3.0239900574088097
3.2030633836984634
3.764035254716873
4.109030067920685
3.147754594683647
3.3377083390951157
3.0166559666395187
3.104155510663986
3.831910192966461
4.455536901950836
3.7007197737693787
3.7951046228408813
4.20594185590744
2.8236527368426323
3.285684958100319
2.963385060429573
4.6900323033332825
3.310098797082901
3.179618865251541
3.4401018172502518
3.2257796823978424
3.1146956235170364
3.367281034588814
3.024723492562771
4.711703062057495
3.1782609969377518
4.630979597568512
3.6263002455234528
3.6043064296245575
3.459644317626953
4.618985950946808
4.713667035102844
3.4491536766290665
2.8848901763558388
3.600829690694809
3.7241142988204956
3.2361820340156555
3.498160243034363
3.314097672700882
3.09114471077919
3.9577700197696686
4.770903140306473
3.26367124915123
3.6079007387161255
3.137894421815872
3.3338018506765366
3.336712494492531
2.868529260158539
3.032461032271385
3.700338453054428
3.5017283260822296
4.220950752496719
3.5410821437835693
3.993014693260193
3.252529948949814
3.876619040966034
3.8599681854248047
3.672681897878647
4.103966504335403
3.069603592157364
3.8665883243083954
3.5218656063079834
3.6404678970575333
4.477888345718384
4.260532557964325
2.8778352588415146
3.154591917991638
3.1606420129537582
3.7031637132167816
3.907161056995392
3.9540985226631165
2.96172134578228
3.4222228825092316
3.5315734893083572
3.629244714975357
4.288238435983658
4.771828651428223
4.838978499174118
2.8816674277186394
3.2627201080322266
3.351595252752304
3.297106921672821
4.758935123682022
4.221305251121521
4.044627547264099
3.956899344921112
3.0035773664712906
3.813878297805786
3.1048666313290596
3.654453605413437
3.298105001449585
3.162411153316498
4.598453938961029
3.412083610892296
3.287309482693672
2.793846484273672
3.6049852520227432
3.4451504051685333
3.7739568948745728
3.9413121342658997
2.9602910205721855
3.865041434764862
4.033843129873276
4.244396537542343
2.9746785759925842
3.6619803309440613
3.8214832544326782
3.5976922512054443
2.7498988434672356
3.2202502340078354
3.881755918264389
3.3562013506889343
3.5131490230560303
3.448805809020996
3.768399655818939
3.494873344898224
4.1846925020217896
3.0222105979919434
4.533374309539795
3.9358165860176086
4.299938827753067
3.030664846301079
4.768318831920624
4.31664764881134
3.7315741926431656
3.2357314229011536
4.236269593238831
3.0188165977597237
3.331085592508316
3.705265372991562
3.822338283061981
3.293876424431801
3.626227453351021
3.1291723996400833
3.0527175962924957
4.880926311016083
3.6109906435012817
3.9261166751384735
2.6570391468703747
2.84023717045784
3.369409292936325
2.375159189105034
3.6811958253383636
4.31107759475708
3.685397356748581
3.3258401602506638
3.439432829618454
3.4403815865516663
3.072720617055893
3.3665013313293457
3.696802854537964
3.4946295619010925
3.278130292892456
3.431931436061859
3.835909068584442
3.755454421043396
2.82026544213295
4.0412285923957825
3.1319404393434525
4.443453550338745
3.5373861342668533
3.4392915666103363
3.112131953239441
4.254082143306732
3.1686248630285263
4.570365250110626
3.450985625386238
3.3910219371318817
2.8502734377980232
3.0957942456007004
3.211975395679474
3.2071349024772644
4.399255663156509
3.296825587749481
3.3136899024248123
3.0290400236845016
2.784343659877777
2.9303698986768723
3.4103386104106903
2.969358265399933
3.2962308824062347
3.339892327785492
2.846161797642708
3.2604194432497025
3.3046050369739532
2.8110328689217567
3.332284763455391
3.9166469871997833
3.1867726892232895
3.0072124302387238
2.9664819687604904
4.441899508237839
2.8028554469347
4.884892702102661
3.227929323911667
3.3616935461759567
3.761010766029358
2.7099881507456303
2.9703786596655846
3.848002254962921
3.2009566575288773
2.437745938077569
4.531993567943573
4.750504195690155
3.9129480719566345
3.9046628773212433
3.5655756294727325
3.6146651208400726
3.162235915660858
3.7739460170269012
4.473574608564377
3.3338191360235214
4.523234963417053
2.891211584210396
3.58129546046257
2.895674407482147
3.032156303524971
3.7644335627555847
3.5939712822437286
2.842909060418606
3.0443228408694267
4.801096022129059
3.2405225932598114
3.6263421177864075
3.456692695617676
4.936609268188477
3.470584601163864
2.840489037334919
2.81069315969944
4.7022318840026855
3.325006663799286
4.642195403575897
2.749987468123436
4.658527672290802
2.9898177459836006
3.004762902855873
3.565250188112259
3.5288401693105698
4.203319400548935
4.274725019931793
3.5277698189020157
3.821684420108795
3.2910577207803726
3.918890357017517
4.851902276277542
3.0566375702619553
4.06193882226944
4.408747851848602
2.9820466786623
3.0290544778108597
3.6392677575349808
3.1658194959163666
2.657027915120125
2.8917421400547028
3.9392471313476562
2.733653485774994
3.046335354447365
4.731404334306717
2.8999311104416847
2.569450754672289
3.1512191891670227
3.584766834974289
3.128349781036377
3.108905963599682
3.096148446202278
3.75763475894928
3.7159470468759537
3.814433366060257
3.012949898838997
2.8825126588344574
3.1022344157099724
3.7614431977272034
3.123003989458084
3.768913149833679
3.304082900285721
3.3063992857933044
3.924160748720169
3.3236725628376007
3.9411750435829163
3.681030124425888
3.913898468017578
2.7976539358496666
4.242217242717743
3.9362604916095734
4.86130565404892
3.394886702299118
4.6778953075408936
4.01610791683197
4.547970145940781
3.7424753606319427
3.0159708857536316
3.5178785026073456
2.929454669356346
4.242441654205322
3.8306358456611633
3.294428586959839
3.093879595398903
3.5361595451831818
3.623998984694481
4.684316664934158
3.8931895792484283
3.7350939959287643
3.194279745221138
3.4788231551647186
4.901749491691589
3.182680904865265
3.2939642667770386
3.6955708265304565
4.519473910331726
4.6713608503341675
2.8890926763415337
3.279722109436989
3.0037644878029823
4.768924117088318
3.5371071100234985
3.5077648609876633
3.3017392456531525
2.610583435744047
3.1656241416931152
2.9488714039325714
4.027411341667175
3.3112099021673203
4.626007080078125
4.9655115604400635
3.244136944413185
3.54930117726326
4.5720274746418
3.304584324359894
4.254232943058014
3.7207410484552383
4.077460020780563
3.7226709723472595
3.7073661386966705
4.519481807947159
2.7265716157853603
3.1885159015655518
3.3043595403432846
3.513215333223343
2.775941528379917
3.408634513616562
3.720455691218376
3.830031603574753
3.698257878422737
2.877998501062393
4.533272236585617
3.9604738354682922
3.815022110939026
3.6040017753839493
3.7013299763202667
4.891532212495804
3.6418142914772034
3.6130832135677338
4.889419078826904
4.478043019771576
3.9346349239349365
4.605929404497147
4.331528544425964
3.4620167315006256
2.8710700944066048
3.3268043398857117
3.720981478691101
3.917536437511444
4.754336774349213
3.486226722598076
4.370218813419342
4.2067864537239075
4.860365986824036
2.9358990490436554
2.758466526865959
2.873288579285145
3.411359488964081
4.279443919658661
3.09184193611145
3.113553449511528
3.177713230252266
3.808695375919342
3.548864424228668
3.878806233406067
3.784414231777191
3.0886107683181763
3.3108998090028763
4.988928884267807
3.0245110765099525
3.7460780143737793
4.180680364370346
4.236348271369934
3.200642168521881
3.2399874925613403
3.7797310948371887
2.9849783703684807
3.593143969774246
4.490947425365448
3.1636348366737366
4.9237266182899475
3.4963618963956833
3.895878493785858
4.081715792417526
3.3316047489643097
3.691760376095772
3.923746943473816
4.755805730819702
3.366120457649231
2.891404926776886
2.9741230234503746
3.583911806344986
3.190772533416748
4.789286553859711
3.5819654166698456
3.6188245564699173
3.0234824493527412
3.6883653700351715
3.307800516486168
3.279384523630142
3.5373861342668533
2.827765867114067
3.4218844771385193
3.3799032866954803
3.2091304659843445
3.5693401098251343
3.288956880569458
4.13132056593895
3.5642562806606293
2.9337862133979797
3.128327801823616
3.7739568948745728
3.0348123982548714
4.77319061756134
4.123110920190811
3.5751691460609436
3.8132822513580322
4.05552864074707
3.457057774066925
3.575473502278328
3.3835818618535995
3.3607137203216553
3.016331233084202
3.6019308865070343
3.664538264274597
3.111303746700287
3.0753768235445023
3.45291867852211
4.173541963100433
3.9565396308898926
4.276449382305145
4.123255610466003
3.609706610441208
3.190477341413498
3.559611961245537
3.691936954855919
2.9639307409524918
3.3751409500837326
4.0635281801223755
3.2955996692180634
3.7932226061820984
3.2998690754175186
3.6161526292562485
4.436758458614349
4.653189778327942
3.3271539211273193
3.8076910376548767
3.0797235295176506
3.406357541680336
3.3344266563653946
3.3704928308725357
3.4185881167650223
4.261014759540558
2.674708981066942
3.1685057282447815
4.1173215210437775
3.431380018591881
2.393802972510457
3.141533136367798
3.1240172684192657
4.7198136150836945
4.876284897327423
2.9318807646632195
3.446967303752899
3.40419739484787
4.593121111392975
4.014147222042084
3.136052116751671
3.407515734434128
3.449336886405945
2.874526083469391
3.642183691263199
2.6850991509854794
3.380635902285576
3.364786207675934
3.858547806739807
3.19437675178051
2.576412810012698
3.0776215344667435
3.3213479816913605
4.1213059425354
3.7590712308883667
3.1826351583004
2.9781489074230194
3.268332779407501
3.3657442778348923
3.37525375187397
3.5621611028909683
3.4156303107738495
4.635581821203232
3.3469054102897644
3.475581780076027
3.1959106773138046
3.3770448714494705
3.0651886388659477
3.4449851512908936
3.7607984244823456
3.5583747923374176
2.541812937706709
4.3836648762226105
3.8863541185855865
3.7849101424217224
3.275045156478882
3.510344922542572
2.7722723968327045
3.633548617362976
3.2302670925855637
3.9027002453804016
3.111097887158394
4.375929236412048
3.770887851715088
3.3398960530757904
4.0737184882164
3.7165265530347824
3.950231224298477
3.398302048444748
3.83725106716156
4.3051669001579285
3.8230369985103607
3.2474958896636963
3.9084090292453766
4.728385508060455
3.091985136270523
2.8020689450204372
4.079679846763611
4.372534155845642
3.7292346358299255
4.06044065952301
3.4893883764743805
3.1780821084976196
3.2138892263174057
2.831259034574032
4.244396537542343
3.433166593313217
4.476797878742218
2.773434016853571
3.1189917773008347
2.65316991135478
3.63773450255394
3.9218494296073914
4.7517989575862885
3.045783117413521
3.227253258228302
3.5326990485191345
2.6901772245764732
3.0838584154844284
3.36380735039711
3.4956632554531097
4.681062400341034
3.5311734676361084
4.5324596762657166
2.866952419281006
2.8195300698280334
3.549814224243164
4.927609860897064
4.256117343902588
3.04505355656147
2.866496630012989
3.4514372050762177
3.093336448073387
3.952232152223587
4.088521897792816
3.111579306423664
3.7062880396842957
3.188192918896675
3.809562623500824
3.4218844771385193
4.8347291350364685
4.2154258489608765
3.0561093986034393
3.032267242670059
3.0019762739539146
3.2209353893995285
3.3951974660158157
3.795083165168762
2.9480263963341713
4.817223250865936
4.212668240070343
3.3574940264225006
2.9216599836945534
3.3826249092817307
4.447518885135651
3.8255375623703003
3.54149729013443
2.6844022423028946
4.4797734916210175
3.295612633228302
4.781762063503265
3.1056104227900505
3.314359486103058
2.8967618569731712
3.630266487598419
3.8350892066955566
4.726984798908234
3.849926143884659
3.498515784740448
3.3468419313430786
3.464300036430359
3.404325097799301
3.0785173177719116
4.62446928024292
3.3798807859420776
2.928340584039688
4.064537733793259
3.138996437191963
2.905378006398678
4.003026485443115
4.240768700838089
4.182365834712982
3.613097071647644
3.7831686437129974
3.206649571657181
3.69464673101902
3.0095624923706055
4.794719815254211
4.7166478633880615
3.6696579307317734
2.7343575097620487
3.201133608818054
3.6441639065742493
4.412677586078644
4.2311906814575195
3.0175363272428513
2.9207951948046684
3.541075810790062
3.513079285621643
4.563789367675781
2.9418164491653442
3.059905059635639
4.398602247238159
3.7278035283088684
2.779460698366165
3.1158052757382393
2.8166143223643303
2.9887626692652702
3.6239351332187653
3.4506776928901672
3.3149151504039764
3.384517878293991
3.7078125029802322
2.8155838325619698
2.883814200758934
3.1236018240451813
4.925892502069473
3.6478933691978455
4.448270797729492
4.30002748966217
2.982243597507477
4.459856599569321
4.666978418827057
4.759320169687271
3.9400292932987213
3.736807256937027
3.3543571829795837
4.92864117026329
4.081702530384064
3.928227424621582
3.2728972285985947
2.8242991864681244
2.9799331724643707
3.3279529213905334
3.492811843752861
3.883437365293503
4.31526243686676
3.600960075855255
3.384970501065254
3.267538547515869
3.695489764213562
3.833935856819153
3.8508981466293335
4.92654412984848
3.9381499588489532
3.3145301043987274
3.452201560139656
3.428690731525421
3.3674873411655426
3.1162479892373085
4.600981771945953
3.3552460372447968
2.8185665979981422
4.208766669034958
2.9680920392274857
4.651505202054977
3.1927932053804398
3.0609115213155746
3.1088853627443314
3.595087379217148
3.064156621694565
3.3837412297725677
3.300015926361084
3.475830778479576
4.641925096511841
4.241672158241272
3.6124372482299805
3.417249917984009
3.0295995250344276
3.9299479126930237
4.276505261659622
4.86460879445076
4.431931376457214
3.282209560275078
3.1054576486349106
4.719010591506958
3.741063177585602
2.996187061071396
3.125545084476471
2.831611819565296
3.5168971121311188
2.9205215349793434
4.298391342163086
3.2116402685642242
3.488568812608719
4.3172091245651245
4.5314921438694
4.59737092256546
3.106653280556202
3.4803470969200134
3.4585589915513992
2.933761067688465
2.9426364600658417
3.46196785569191
4.74117174744606
3.5682153701782227
3.3173848688602448
3.665251061320305
3.4265434741973877
2.7287953719496727
4.074752032756805
3.908519446849823
3.533843457698822
3.6287735402584076
3.2739941775798798
3.2717736810445786
3.893458843231201
3.0632877349853516
3.2045115530490875
3.2606345415115356
3.3846981823444366
3.387152925133705
3.301987871527672
4.351747632026672
3.2151539623737335
3.9872825145721436
3.885280191898346
3.330078125
2.804789450019598
3.6810678988695145
3.052408844232559
3.1792357563972473
2.7452081628143787
3.6181408166885376
3.396211490035057
4.378979504108429
4.868109077215195
4.013033807277679
3.5409846156835556
3.902202844619751
3.0536727234721184
2.852284386754036
3.5110487788915634
3.6078809946775436
3.283683881163597
3.5476797819137573
3.498743772506714
2.9009369760751724
4.689440131187439
3.0506523698568344
3.609461486339569
2.784818634390831
4.222584515810013
3.0298421531915665
3.214063346385956
4.24895167350769
4.838651269674301
3.488304615020752
4.555416703224182
3.7797485291957855
4.108714461326599
3.3002696186304092
4.344896823167801
3.424195647239685
3.7589335441589355
3.558889776468277
3.3788884431123734
3.163376599550247
3.142266497015953
3.7366224080324173
3.212675601243973
3.6372121423482895
4.440023899078369
4.039601981639862
2.6316391211003065
2.8004759550094604
4.811114072799683
4.0241000056266785
3.4777506440877914
3.3053384721279144
2.8985340148210526
3.8702917098999023
3.9755243062973022
3.1655235588550568
3.6259913444519043
2.748044952750206
3.435024917125702
3.8031265139579773
3.6049822717905045
3.3554697036743164
4.536697566509247
3.3283118903636932
3.5693664848804474
3.991042375564575
3.4209493547677994
4.4503650069236755
3.4042134881019592
3.036484085023403
3.3357129991054535
3.039141371846199
2.85110741853714
3.3420000970363617
3.4822309017181396
4.694025069475174
3.7479402124881744
3.182295262813568
3.5893847048282623
3.917919099330902
3.346223384141922
2.6128442212939262
3.1034326553344727
2.7072105556726456
3.5478153824806213
3.223356008529663
4.173916578292847
3.303070366382599
4.348363429307938
4.9135518074035645
4.407551884651184
4.9332112073898315
4.678644835948944
4.8650747537612915
4.979125261306763
3.654663860797882
3.2055218517780304
2.6950534619390965
4.550652951002121
3.9022764563560486
4.729980826377869
3.8208577036857605
3.2609158009290695
4.091811031103134
3.851218968629837
3.3662714064121246
3.5854757577180862
3.5219427198171616
4.147155284881592
3.766273856163025
4.836461991071701
4.250435531139374
3.7046153098344803
4.5021408796310425
3.7829087674617767
3.335273861885071
3.3436064422130585
4.152589589357376
4.136091023683548
3.9695386588573456
2.922734282910824
3.949248790740967
3.4635844081640244
3.896399438381195
3.568596690893173
2.998407520353794
3.3686739951372147
3.723713755607605
3.3153216540813446
3.19899320602417
3.082169257104397
3.3513429760932922
4.103003144264221
3.130539506673813
3.5335498303174973
3.6195749044418335
3.762907087802887
3.069913499057293
3.55092391371727
3.6202169209718704
3.574727326631546
3.6308789998292923
4.345232993364334
3.1321530044078827
3.117355890572071
3.306184560060501
3.4825992584228516
4.871898889541626
3.3373643457889557
4.032878577709198
2.89714552462101
4.358033090829849
3.985315263271332
2.9818325489759445
2.942100092768669
2.6690453477203846
3.245343416929245
3.8735800981521606
3.627040460705757
3.01654439419508
3.081205300986767
3.769502639770508
2.84636203199625
4.409457743167877
3.274366706609726
3.0833978950977325
3.316609337925911
2.9917247220873833
3.0337564647197723
2.8909488767385483
3.6995838582515717
3.5126011073589325
4.010962545871735
3.8712631165981293
3.5072438418865204
3.6477674543857574
4.340466260910034
3.3244089782238007
2.936178185045719
3.2779743522405624
3.1805913895368576
3.6932148784399033
4.093075096607208
3.1259462237358093
4.745699912309647
4.8537009954452515
3.086452856659889
3.1188325956463814
3.5032059997320175
4.292573034763336
3.602953851222992
2.981647737324238
3.5120318830013275
3.525349274277687
3.0774810910224915
2.86453053355217
2.9689575359225273
3.7758082151412964
3.4845180809497833
3.044402301311493
2.9663383960723877
4.195632636547089
2.82285425812006
3.4974727034568787
3.0064501613378525
3.7578165531158447
3.657732754945755
3.22488009929657
2.9103078693151474
3.081277534365654
2.9924798384308815
4.374259114265442
2.9583467543125153
3.7527459859848022
3.8533377647399902
3.724929615855217
3.493141531944275
4.630979597568512
3.2406221330165863
3.4987855702638626
3.2488690316677094
4.03055414557457
4.455806612968445
2.778221294283867
3.043612912297249
2.7921861968934536
4.250641912221909
4.559327661991119
3.5296327620744705
3.2269106805324554
4.736618101596832
3.0973871052265167
3.627297282218933
3.2306791841983795
4.029053151607513
3.2886673510074615
3.365528881549835
3.531767725944519
3.430148735642433
3.676627054810524
3.935208022594452
3.929186463356018
3.498912900686264
3.736146166920662
2.6190602779388428
3.3733564615249634
3.853847086429596
4.743486940860748
3.639056533575058
3.032381534576416
3.8401025533676147
3.2924342155456543
3.537842035293579
3.7366703152656555
3.6332568526268005
3.553980439901352
2.966475561261177
4.938102215528488
3.8074855506420135
3.262706622481346
4.943982362747192
3.0166855454444885
3.2092657685279846
4.365449398756027
3.5257073491811752
2.831820845603943
3.4932872653007507
3.5757318139076233
2.65690004453063
3.353724032640457
4.534712433815002
3.3992696553468704
3.3570989966392517
3.639593720436096
