4.198458790779114
4.545964002609253
4.214754402637482
4.613572061061859
4.77302685379982
4.197225272655487
4.376044571399689
4.182007610797882
4.700255990028381
4.37804788351059
4.408712387084961
4.189564883708954
4.832497090101242
4.403785914182663
4.886921942234039
4.737701416015625
4.314035773277283
4.498160183429718
4.428913742303848
4.309587925672531
4.868379235267639
4.515562504529953
4.5745669305324554
4.932757318019867
4.0716516971588135
4.214295148849487
4.883752167224884
4.825705140829086
4.293365776538849
4.586105495691299
4.368419051170349
4.351387321949005
4.47888046503067
4.530956894159317
4.35798853635788
4.221498966217041
4.3888163566589355
4.711696058511734
4.759675860404968
4.204159080982208
4.5357248187065125
4.469908773899078
4.291577786207199
4.404412657022476
4.75456029176712
4.4523438811302185
4.322182834148407
4.936679303646088
4.563931524753571
4.5478372275829315
4.385952353477478
4.217977821826935
4.244756698608398
4.663539826869965
4.757755994796753
4.3073853850364685
4.2705245316028595
4.283472448587418
4.7109536826610565
4.438272714614868
4.507438540458679
4.536958634853363
4.336697161197662
4.2592960596084595
4.571325033903122
4.383881092071533
4.846552312374115
4.8877957463264465
4.519272148609161
4.457572102546692
4.5982977747917175
4.347473978996277
4.288687705993652
4.3766798079013824
4.573938548564911
4.417853057384491
4.363069832324982
4.440286010503769
4.258162826299667
4.567602574825287
4.655813127756119
4.561146795749664
4.344737529754639
4.919909685850143
4.373604655265808
4.374359548091888
4.256817400455475
4.7060129046440125
4.841546416282654
4.570052325725555
4.244841039180756
4.1426897048950195
4.546299874782562
4.244070053100586
4.475298374891281
4.402645826339722
4.504154473543167
4.448454976081848
4.383077621459961
4.261160492897034
4.464249312877655
4.8378632962703705
4.602213203907013
4.232268929481506
4.394352436065674
4.329770505428314
4.795331954956055
4.854000508785248
4.570929110050201
4.64988499879837
4.336741268634796
4.443570971488953
4.308713376522064
4.4195762276649475
4.665717631578445
4.503784477710724
4.69992607831955
4.289033263921738
4.5230089128017426
4.355606585741043
4.4585515558719635
4.514231979846954
4.119546115398407
4.523292630910873
4.391809701919556
4.461415261030197
4.467858374118805
4.243648946285248
4.495186805725098
4.394271969795227
4.3991124629974365
4.435804784297943
4.441023170948029
4.448461532592773
4.447659403085709
4.321744740009308
4.9638354778289795
4.790395200252533
4.371355175971985
4.685408920049667
4.495342969894409
4.618605524301529
4.871471673250198
4.824799299240112
4.590423554182053
4.608994871377945
4.281260073184967
4.691073894500732
4.413911998271942
4.484068751335144
4.350346922874451
4.2049892246723175
4.916494935750961
4.3693095445632935
4.3133434653282166
4.783547520637512
4.3096038699150085
4.167364984750748
4.464917778968811
4.352512806653976
4.420821964740753
4.578894078731537
4.325898736715317
4.4113922119140625
4.418876767158508
4.387494921684265
4.447562396526337
4.39086377620697
4.09174770116806
4.489084184169769
4.472414404153824
4.607762396335602
4.487224370241165
4.417215287685394
4.439355432987213
4.913196265697479
4.236811995506287
4.357855319976807
4.848863184452057
4.811265766620636
4.609096795320511
4.197550266981125
4.316093027591705
4.4315797090530396
4.281459301710129
4.1730305552482605
4.5043036341667175
4.327003061771393
4.253749698400497
4.352907091379166
4.644870609045029
4.321620762348175
4.185726046562195
4.439144879579544
4.406194686889648
4.75519984960556
4.30722713470459
4.4905707240104675
4.307408481836319
4.830024242401123
4.566246569156647
4.803292751312256
4.684118926525116
4.232945144176483
4.164406657218933
4.524878263473511
4.809888601303101
4.427537769079208
4.1478753089904785
4.788292795419693
4.690014570951462
4.561448246240616
4.5382654666900635
4.153820872306824
4.263202548027039
4.579826295375824
4.353783875703812
4.360623806715012
4.3656280636787415
4.253216981887817
4.3485793471336365
4.607866853475571
4.564642757177353
4.847979247570038
4.584799408912659
4.098132848739624
4.293908774852753
4.302692711353302
4.602021425962448
4.431528300046921
4.505096822977066
4.206257164478302
4.608408510684967
4.091233015060425
4.318625628948212
4.292437881231308
4.489465057849884
4.443023651838303
4.528117626905441
4.413702189922333
4.722059369087219
4.725445210933685
4.497519135475159
4.546152502298355
4.124794602394104
4.540071189403534
4.320341944694519
4.610240161418915
4.3612781167030334
4.986811578273773
4.480426013469696
4.185785204172134
4.414514005184174
4.3939074873924255
4.4188591837883
4.514959752559662
4.1869014501571655
4.698061943054199
4.749574661254883
4.061848521232605
4.41509872674942
4.7616687417030334
4.297812283039093
4.627631604671478
4.234869480133057
4.344300329685211
4.3815551698207855
4.365226477384567
4.43026065826416
4.708175808191299
4.329650700092316
4.515138864517212
4.825010001659393
4.476717263460159
4.435248374938965
4.265210926532745
4.469940364360809
4.414978474378586
4.415951520204544
4.893445074558258
4.349962472915649
4.219414591789246
4.185176491737366
4.786185175180435
4.199199080467224
4.333714842796326
4.464805722236633
4.444155395030975
4.468945413827896
4.64861273765564
4.533833265304565
4.593973010778427
4.80509877204895
4.1742925345897675
4.496970325708389
4.217488467693329
4.476937651634216
4.7441065311431885
4.311719238758087
4.468812197446823
4.565987437963486
4.794852435588837
4.375579357147217
4.315361380577087
4.41621795296669
4.9617038667202
4.469586908817291
4.242155849933624
4.059302061796188
4.929350316524506
4.653274416923523
4.478660076856613
4.107458591461182
4.8859503865242
4.397336840629578
4.404367506504059
4.403999298810959
4.312284886837006
4.630497992038727
4.552838057279587
4.253123700618744
4.350464940071106
4.1087406873703
4.344656765460968
4.271679520606995
4.314378798007965
4.313815534114838
4.38558965921402
4.58927258849144
4.411132335662842
4.317390322685242
4.163009822368622
4.5046305656433105
4.575677514076233
4.6895831823349
4.49387788772583
4.1743069887161255
4.327680021524429
4.61339995265007
4.745220839977264
4.448028802871704
4.33866411447525
4.3270280957221985
4.1880132257938385
4.575093239545822
4.208788573741913
4.542156457901001
4.247978925704956
4.318477064371109
4.536363184452057
4.371843636035919
4.412070214748383
4.684703052043915
4.208436012268066
4.436923712491989
4.231337159872055
4.486785978078842
4.12928581237793
4.24885481595993
4.643548130989075
4.457509517669678
4.737092554569244
4.278334379196167
4.182932376861572
4.418441355228424
4.4013722240924835
4.19131264090538
4.4245827198028564
4.417002499103546
4.672248959541321
4.711231142282486
4.258260130882263
4.326068609952927
4.394599795341492
4.461790025234222
4.447628408670425
4.681314080953598
4.286929965019226
4.352234303951263
4.285258799791336
4.368216544389725
4.6520668268203735
4.515261799097061
4.4589680433273315
4.353952407836914
4.962736070156097
4.264190196990967
4.29443359375
4.504706412553787
4.50923353433609
4.259194731712341
4.398064613342285
4.145882725715637
4.372484087944031
4.407675266265869
4.350988566875458
4.95164081454277
4.51738715171814
4.3837109208106995
4.788415431976318
4.466223418712616
4.222869127988815
4.474249184131622
4.143462777137756
4.8009175062179565
4.497961699962616
4.627615362405777
4.398359656333923
4.184724390506744
4.178574979305267
4.634454697370529
4.4179269671440125
4.345181584358215
4.313929229974747
4.911918938159943
4.588390439748764
4.511779844760895
4.789334535598755
4.412815868854523
4.2574742436409
4.298707544803619
4.926518201828003
4.42587822675705
4.274453520774841
4.565376043319702
4.3309131264686584
4.491090178489685
4.401857554912567
4.4085946679115295
4.589761793613434
4.396967440843582
4.542050361633301
4.886224716901779
4.567326605319977
4.1758570075035095
4.185349643230438
4.511509388685226
4.512285590171814
4.498460590839386
4.314126074314117
4.496733844280243
4.758554697036743
4.219886213541031
4.545481503009796
4.444421231746674
4.793689846992493
4.620313942432404
4.827603399753571
4.400258958339691
4.458387196063995
4.502699673175812
4.35817688703537
4.306095838546753
4.2331260442733765
4.402613192796707
4.211683571338654
4.18839156627655
4.256585091352463
4.060846269130707
4.6286341547966
4.501861035823822
4.388229697942734
4.391337037086487
4.348132312297821
4.251843243837357
4.8575228452682495
4.443000555038452
4.393979012966156
4.535876214504242
4.2636539041996
4.434804320335388
4.550069570541382
4.707145392894745
4.5582470297813416
4.457892924547195
4.90058496594429
4.33050274848938
4.5049890875816345
4.396501183509827
4.383642375469208
4.278625547885895
4.452767372131348
4.236892461776733
4.220806062221527
4.3013498187065125
4.440141022205353
4.253017902374268
4.321095049381256
4.351886808872223
4.22967404127121
4.6786147356033325
4.90961492061615
4.359060823917389
4.599766135215759
4.504197984933853
4.58192378282547
4.8401957750320435
4.229371100664139
4.440646767616272
4.373872727155685
4.397185742855072
4.466592967510223
4.306971728801727
4.5375266671180725
4.224979877471924
4.929449260234833
4.463406503200531
4.599206745624542
4.6346017718315125
4.304959774017334
4.374864101409912
4.456107318401337
4.254052937030792
4.1970668733119965
4.645818620920181
4.4430893659591675
4.420885741710663
4.444657564163208
4.464206397533417
4.533363878726959
4.367019087076187
4.571104049682617
4.303751289844513
4.416210651397705
4.4329410791397095
4.392750561237335
4.36697244644165
4.519657641649246
4.58644300699234
4.26857978105545
4.641337990760803
4.388469159603119
4.418615996837616
4.6905457973480225
4.318908751010895
4.378378093242645
4.847079217433929
4.213886708021164
4.383021742105484
4.375883042812347
4.325757771730423
4.437500685453415
4.401673078536987
4.4814397394657135
4.29240494966507
4.527473747730255
4.4468799233436584
4.3190911412239075
4.641422927379608
4.763897359371185
4.6579597890377045
4.753798842430115
4.694394767284393
4.507424235343933
4.4486017525196075
4.248586595058441
4.676628112792969
4.249017834663391
4.084968119859695
4.251763820648193
4.482841491699219
4.348928332328796
4.186926931142807
4.578176289796829
4.5799607038497925
4.406821131706238
4.8163144290447235
4.59351658821106
4.487932026386261
4.417910128831863
4.847317785024643
4.854420721530914
4.1148000955581665
4.361756443977356
4.272009432315826
4.462646842002869
4.306085705757141
4.581474959850311
4.536955654621124
4.679892063140869
4.4039106369018555
4.95483934879303
4.354193061590195
4.362510293722153
4.364072680473328
4.282797276973724
4.259756505489349
4.527904987335205
4.392664730548859
4.532831609249115
4.412031173706055
4.765282571315765
4.432559758424759
4.642849564552307
4.18275460600853
4.584686905145645
4.541680216789246
4.495180249214172
4.387116879224777
4.332233816385269
4.351094514131546
4.481142163276672
4.457983076572418
4.850006997585297
4.532215595245361
4.276121407747269
4.169074296951294
4.4566610455513
4.607197940349579
4.603500664234161
4.456903338432312
4.482989013195038
4.41110834479332
4.208300411701202
4.407625496387482
4.75646585226059
4.928993880748749
4.798251688480377
4.144458472728729
4.424065053462982
4.49085533618927
4.36112105846405
4.843948781490326
4.654543101787567
4.6439528465271
4.573544561862946
4.34550940990448
4.5286791026592255
4.5281219482421875
4.656477570533752
4.212009161710739
4.634112119674683
4.835178852081299
4.3724799156188965
4.474655985832214
4.379822164773941
4.1651760041713715
4.558447003364563
4.583512544631958
4.455475211143494
4.278333783149719
4.480875730514526
4.626140296459198
4.388844519853592
4.254489839076996
4.473990350961685
4.62224617600441
4.408759325742722
4.2338791489601135
4.262823611497879
4.571901857852936
4.186423420906067
4.750838279724121
4.318270981311798
4.514171481132507
4.22586053609848
4.669782668352127
4.2429158091545105
4.390546977519989
4.391051381826401
4.465119540691376
4.190064370632172
4.8597352206707
4.5548006892204285
4.509054720401764
4.438484311103821
4.761888086795807
4.312140643596649
4.469328820705414
4.743582606315613
4.691115915775299
4.337008148431778
4.7834256291389465
4.203519821166992
4.392471611499786
4.890620410442352
4.386856704950333
4.678289890289307
4.438872039318085
4.43322166800499
4.119228571653366
4.470074772834778
4.454141557216644
4.4665274024009705
4.532567411661148
4.118661284446716
4.656602144241333
4.414073079824448
4.3498775362968445
4.495457112789154
4.403477162122726
4.4372402131557465
4.365463554859161
4.502758681774139
4.720863848924637
4.269021153450012
4.270871579647064
4.364573657512665
4.442947655916214
4.518932998180389
4.401597678661346
4.261942356824875
4.3321554362773895
4.799179434776306
4.248616695404053
4.5593103766441345
4.476937651634216
4.293159693479538
4.415262192487717
4.324444830417633
4.413447380065918
4.469739347696304
4.697643667459488
4.498929083347321
4.546268135309219
4.33439627289772
4.298582077026367
4.364391267299652
4.601137936115265
4.442642331123352
4.349772930145264
4.344110488891602
4.345879703760147
4.639344811439514
4.240300506353378
4.276738613843918
4.391233921051025
4.295092523097992
4.293556809425354
4.394370913505554
4.275616407394409
4.869285821914673
4.166090786457062
4.972191005945206
4.485793858766556
4.062063544988632
4.541715830564499
4.514445662498474
4.184002578258514
4.506759345531464
4.48137953877449
4.205561727285385
4.897438734769821
4.8974718153476715
4.463891237974167
4.7805240750312805
4.400533735752106
4.341868460178375
4.320829510688782
4.420233517885208
4.759953171014786
4.440293908119202
4.683104455471039
4.348558187484741
4.558315277099609
4.393668174743652
4.343270361423492
4.558209180831909
4.575504660606384
4.3679580092430115
4.257359802722931
4.792447090148926
4.149143248796463
4.550919830799103
4.349707812070847
4.880688488483429
4.168658256530762
4.197220355272293
4.383303225040436
4.763614386320114
4.49706107378006
4.901708960533142
4.334232211112976
4.796216189861298
4.161217510700226
4.183652997016907
4.615375250577927
4.467514157295227
4.4890764355659485
4.832489341497421
4.415202885866165
4.482629597187042
4.442698359489441
4.338623881340027
4.916727691888809
4.401978552341461
4.536345601081848
4.830500781536102
4.1194406151771545
4.289900958538055
4.696053862571716
4.175667762756348
4.215151518583298
4.405325949192047
4.3912073969841
4.206361770629883
4.119706749916077
4.922133833169937
4.420350939035416
4.321583807468414
4.434875100851059
4.44147601723671
4.207452088594437
4.571596533060074
4.3043822050094604
4.540461599826813
4.519580900669098
4.5717452466487885
4.375720024108887
4.3548814952373505
4.451146572828293
4.35248464345932
4.200602471828461
4.540433585643768
4.151851981878281
4.48575496673584
4.4118960201740265
4.395677745342255
4.5635272562503815
4.530421197414398
4.217177331447601
4.271393865346909
4.254312813282013
4.739871323108673
4.884066730737686
4.479341208934784
4.795664548873901
4.666231274604797
4.729311764240265
4.840055406093597
4.248206615447998
4.438302665948868
4.168338477611542
4.623819291591644
4.718880504369736
4.143801927566528
4.294333904981613
4.460356533527374
4.309914410114288
4.817516207695007
4.357940256595612
4.392299652099609
4.470641165971756
4.363421052694321
4.742662310600281
4.391340017318726
4.405247122049332
4.432148188352585
4.762459695339203
4.776893258094788
4.087734520435333
4.415744096040726
4.229787737131119
4.870213270187378
4.5977866649627686
4.248913824558258
4.191937446594238
4.429642558097839
4.464857578277588
4.267856478691101
4.754726588726044
4.502562880516052
4.920785427093506
4.832114279270172
4.47368398308754
4.6482813358306885
4.318247586488724
4.236786216497421
4.755223393440247
4.783095121383667
4.553785920143127
4.419026672840118
4.536646604537964
4.4394296407699585
4.286762475967407
4.129659831523895
4.233365058898926
4.495261907577515
4.158294051885605
4.449929296970367
4.323607683181763
4.594787210226059
4.575019925832748
4.2896997928619385
4.907352030277252
4.405808746814728
4.4679272174835205
4.464495927095413
4.459463953971863
4.94804173707962
4.434397220611572
4.3367791175842285
4.922045469284058
4.649560749530792
4.477256089448929
4.883569777011871
4.719640612602234
4.204269051551819
4.583524465560913
4.328387081623077
4.359918385744095
4.585161954164505
4.792417585849762
4.385000169277191
4.579866826534271
4.611797630786896
4.8330917954444885
4.347000867128372
4.429065585136414
4.342207610607147
4.225102961063385
4.692654311656952
4.319354295730591
4.304671287536621
4.2091104388237
4.618437737226486
4.660784006118774
4.6194687485694885
4.243562817573547
4.1676706075668335
4.407764673233032
4.9848634004592896
4.300969839096069
4.426175653934479
4.384261667728424
4.460133910179138
4.604783654212952
4.135398864746094
4.460159540176392
4.346369951963425
4.581259489059448
4.429843723773956
4.396945834159851
4.9876344203948975
4.515153467655182
4.406484067440033
4.659433960914612
4.54421803355217
4.359838664531708
4.650721698999405
4.728589951992035
4.086441546678543
4.464305937290192
4.391642808914185
4.632207155227661
4.563078880310059
4.787059128284454
4.304075539112091
4.35868427157402
4.358831346035004
4.23481360077858
4.298964440822601
4.318835139274597
4.401597678661346
4.137066751718521
4.58634227514267
4.2230454087257385
4.460099041461945
4.272060990333557
4.40864622592926
4.830951392650604
4.536109417676926
4.2997221648693085
4.163583219051361
4.583512544631958
4.329917132854462
4.781351089477539
4.498282372951508
4.111639559268951
4.3386054039001465
4.672211706638336
4.3946366012096405
4.4564288854599
4.461674839258194
4.343775808811188
4.444463849067688
4.3018560111522675
4.27291214466095
4.130362123250961
4.142139106988907
4.165256470441818
4.9079278111457825
4.646996408700943
4.594531953334808
4.518756568431854
4.570066183805466
4.313128292560577
4.4349850714206696
4.275975972414017
4.434365928173065
4.642053693532944
4.397692680358887
4.493182450532913
4.231072962284088
4.466393887996674
4.545450210571289
4.787762761116028
4.559170305728912
4.366282522678375
4.356667846441269
4.1304463148117065
4.429496079683304
4.164927899837494
4.297923892736435
4.467594176530838
4.858373552560806
4.453218877315521
4.503844976425171
4.6938347816467285
4.4225046038627625
4.183474779129028
4.3411144614219666
4.381161034107208
4.386402666568756
4.992225617170334
4.368877410888672
4.366551339626312
4.406373500823975
4.589961022138596
4.188467860221863
4.124336838722229
4.487071931362152
4.438904523849487
4.449910223484039
4.5624858140945435
4.154641330242157
4.219543933868408
4.51731875538826
4.481585323810577
4.201626628637314
4.444690048694611
4.259323477745056
4.34730738401413
4.855888783931732
4.303327202796936
4.374303221702576
4.354163706302643
4.452783763408661
4.217446446418762
4.301702976226807
4.375975728034973
4.448337405920029
4.829863011837006
4.459033161401749
4.330252707004547
4.5726677775383
4.446298331022263
4.474343657493591
4.435662478208542
4.227976351976395
4.615265876054764
4.365398287773132
4.645165205001831
4.4779448211193085
4.503609985113144
4.377838969230652
4.459836930036545
4.388790875673294
4.527539610862732
4.420828819274902
4.394305050373077
4.4524069130420685
4.8480865359306335
4.397912621498108
4.398579448461533
4.706284403800964
4.416932165622711
4.44459855556488
4.507943093776703
4.700916558504105
4.682606756687164
4.357583075761795
4.548342227935791
4.591281414031982
4.691529870033264
4.4323912262916565
4.36309278011322
4.7756534814834595
4.658430218696594
4.515152275562286
4.735826551914215
4.30873304605484
4.435663521289825
4.336800575256348
4.514605849981308
4.388844519853592
4.307344704866409
4.68570351600647
4.435242414474487
4.523735046386719
4.189884960651398
4.458853900432587
4.558038413524628
4.668767899274826
4.31440144777298
4.295746684074402
4.286547750234604
4.083237648010254
4.414584040641785
4.554751813411713
4.395790696144104
4.852966815233231
4.5842404663562775
4.657040983438492
4.225878417491913
4.208870381116867
4.3719565868377686
4.915399104356766
4.863695204257965
4.295487701892853
4.342192858457565
4.435537755489349
4.291016161441803
4.780135750770569
4.634293019771576
4.250172674655914
4.475609064102173
4.320151209831238
4.3276020884513855
4.58634227514267
4.8347008228302
4.767175912857056
4.262581020593643
4.319348633289337
4.395424872636795
4.15821447968483
4.504845440387726
4.554530531167984
4.28686797618866
4.881410598754883
4.627139866352081
4.456234872341156
4.526928663253784
4.4348157942295074
4.876976907253265
4.536750018596649
4.486402869224548
4.322788715362549
4.727959334850311
4.194229245185852
4.781350195407867
4.334599077701569
4.449415057897568
4.320742636919022
4.2325907945632935
4.475797861814499
4.692620038986206
4.428776800632477
4.386738985776901
4.2258793115615845
4.515523314476013
4.5073601603508
4.332592636346817
4.721668064594269
4.535187482833862
4.347580075263977
4.557421803474426
4.225617945194244
4.0640076994895935
4.519675672054291
4.624055922031403
4.411496222019196
4.370752573013306
4.501294195652008
4.2307257652282715
4.373289495706558
4.168843626976013
4.897186607122421
4.801102429628372
4.574236571788788
4.098625183105469
4.209932386875153
4.292691648006439
4.823986291885376
4.682840704917908
4.293236583471298
4.234966933727264
4.269289970397949
4.296346604824066
4.701365530490875
4.5514413714408875
4.443804621696472
4.6708159148693085
4.552445560693741
4.239618182182312
4.133525937795639
4.544900059700012
4.384518265724182
4.419180005788803
4.264390766620636
4.493597447872162
4.1848984360694885
4.5142509043216705
4.351339638233185
4.369947016239166
4.284351170063019
4.934604465961456
4.578049927949905
4.9480655789375305
4.509708285331726
4.361008256673813
4.668533951044083
4.812478423118591
4.557076990604401
4.519340693950653
4.16322186589241
4.29775133728981
4.95224803686142
4.651828110218048
4.874502122402191
4.356311708688736
4.29492712020874
4.3867795169353485
4.6453507244586945
4.375101625919342
4.597620666027069
4.5424580574035645
4.3823568522930145
4.616488814353943
4.496342837810516
4.41923663020134
4.163533449172974
4.636612385511398
4.946274757385254
4.5030441880226135
4.486455470323563
4.268125742673874
4.496921896934509
4.329822510480881
4.337653815746307
4.729543924331665
4.337461292743683
4.529352188110352
4.568810611963272
4.365744739770889
4.790144562721252
4.372603595256805
4.350881278514862
4.34991180896759
4.643823504447937
4.170048832893372
4.38124880194664
4.198786169290543
4.433749616146088
4.68065083026886
4.582395851612091
4.294419437646866
4.257575124502182
4.171437323093414
4.164950847625732
4.752300977706909
4.907286167144775
4.813487231731415
4.220980256795883
4.178536534309387
4.725912809371948
4.434719681739807
4.525592029094696
4.407033920288086
4.24668088555336
4.398029446601868
4.221995919942856
4.701886773109436
4.244143962860107
4.378788769245148
4.286662191152573
4.750159382820129
4.923000931739807
4.529830515384674
4.312336444854736
4.35204416513443
4.406157433986664
4.326373636722565
4.556622952222824
4.930086433887482
4.468379765748978
4.0679872035980225
4.165075570344925
4.191247522830963
4.209746718406677
4.482493549585342
4.742169976234436
4.247535616159439
4.548385292291641
4.472692012786865
4.1613852977752686
4.5525625348091125
4.321521371603012
4.369370937347412
4.308866858482361
4.418322741985321
4.5699213445186615
4.272177517414093
4.6322862803936005
4.310937374830246
4.94959756731987
4.312235563993454
4.433866888284683
4.380118548870087
4.220841228961945
4.440455734729767
4.196478426456451
4.196866154670715
4.285110831260681
4.500546306371689
4.695318639278412
4.904603362083435
4.585462212562561
4.242818653583527
4.552768766880035
4.391864985227585
4.265493601560593
4.185831844806671
4.423732608556747
4.2767418920993805
4.416150748729706
4.372078478336334
4.27535355091095
4.77184534072876
4.449130892753601
4.4029368460178375
4.530919045209885
4.524170011281967
4.425188601016998
4.509060382843018
4.591052979230881
4.8589783906936646
4.631617069244385
4.518663138151169
4.485588371753693
4.5114827156066895
4.28863912820816
4.6947672963142395
4.578442573547363
4.469908773899078
4.5407795906066895
4.5079173147678375
4.227082133293152
4.259521961212158
4.852554053068161
4.350689053535461
4.442675709724426
4.771015644073486
4.511313438415527
4.236602187156677
4.476112425327301
4.848520904779434
4.557144045829773
4.2956943809986115
4.279503375291824
4.297608435153961
4.587130099534988
4.579383730888367
4.365611374378204
4.7073401510715485
4.286802113056183
4.268921911716461
4.827209860086441
4.370372295379639
4.466775059700012
4.6710404753685
4.339311420917511
4.463607668876648
4.506097584962845
4.111281931400299
4.776996672153473
4.3757811188697815
4.197104126214981
4.519495815038681
4.330363422632217
4.339712411165237
4.480702877044678
4.448166489601135
4.871571958065033
4.515291452407837
4.341870844364166
4.502191543579102
4.618614912033081
4.216136038303375
4.293332546949387
4.335055947303772
4.134408235549927
4.2834217846393585
4.562317579984665
4.504589885473251
4.321236461400986
4.658442437648773
4.9381692707538605
4.630858302116394
4.818739295005798
4.863206148147583
4.749042093753815
4.980644881725311
4.504306614398956
4.352828115224838
4.281999319791794
4.758387506008148
4.365877062082291
4.859099239110947
4.697879254817963
4.131873846054077
4.532245993614197
4.575037658214569
4.393552541732788
4.36361089348793
4.485249370336533
4.606865644454956
4.7513046860694885
4.96201828122139
4.7065553069114685
4.705008715391159
4.464051276445389
4.7017985582351685
4.330815374851227
4.48211669921875
4.437735676765442
4.329552948474884
4.254860430955887
4.207437038421631
4.528630971908569
4.18364942073822
4.746676832437515
4.446093738079071
4.565893709659576
4.44011002779007
4.40341591835022
4.411189258098602
4.261361062526703
3.922436535358429
4.448605477809906
4.694551527500153
4.39526304602623
4.458583891391754
4.399843215942383
4.431916177272797
4.304542690515518
4.3471212685108185
4.541510492563248
4.831774830818176
4.426946640014648
4.809062331914902
4.438574910163879
4.248924255371094
4.433876872062683
4.4987984001636505
4.890355169773102
4.543697237968445
4.67546820640564
4.4611456990242
4.701399505138397
4.67930406332016
4.484467804431915
4.2904332280159
4.287237823009491
4.443469345569611
4.243829846382141
4.246663749217987
4.430591315031052
4.580548107624054
4.250534772872925
4.206634759902954
4.691161811351776
4.34732049703598
4.384978413581848
4.499244689941406
4.495531320571899
4.394547939300537
4.276084005832672
4.45862278342247
4.275616407394409
4.595800042152405
4.554124474525452
4.398093819618225
4.5069146156311035
4.440177083015442
4.301417768001556
4.338977932929993
4.382484555244446
4.577279835939407
4.684993326663971
4.741035103797913
4.415769129991531
4.809176325798035
4.933626651763916
4.213259816169739
4.258233457803726
4.3629032373428345
4.576663076877594
4.417508840560913
4.269466400146484
4.7195398807525635
4.351556450128555
4.428940415382385
4.31180477142334
4.447474628686905
4.407886564731598
4.794705659151077
4.422251284122467
4.3463268876075745
4.5735931396484375
4.230432212352753
4.718841016292572
4.4287364184856415
4.477213025093079
4.377896785736084
4.265391528606415
4.330892264842987
4.1316960752010345
4.168092757463455
4.698733687400818
4.476656913757324
4.437492340803146
4.566095322370529
4.3150679767131805
4.54200878739357
4.8163144290447235
4.383775740861893
4.389828443527222
4.618100076913834
4.680562615394592
4.7275277972221375
4.466824531555176
4.492536634206772
4.1792722046375275
4.706075936555862
4.55094188451767
4.429247081279755
4.292688369750977
4.890707433223724
4.362552464008331
4.573269337415695
4.571377485990524
4.777580797672272
4.535536170005798
4.299713671207428
4.258541464805603
4.449206292629242
4.67696949839592
4.443219602108002
4.517253190279007
4.364345669746399
4.3681275844573975
4.469156563282013
4.469178915023804
4.59247499704361
4.839128404855728
4.233843982219696
4.195235967636108
4.335917830467224
4.323355704545975
4.5478662848472595
4.577034413814545
4.381782114505768
4.544908404350281
4.352940320968628
4.911612272262573
4.703616052865982
4.483059048652649
4.922821372747421
4.468188434839249
4.3363648653030396
4.560225009918213
4.241210371255875
4.381624162197113
4.506058096885681
4.4802723824977875
4.322217702865601
4.377840608358383
4.908886253833771
4.5503634214401245
4.442410171031952
4.1016629338264465
