4.557607024908066
4.996714144945145
5.0
4.508128464221954
4.448760747909546
4.686917811632156
5.0
4.930670857429504
3.808758854866028
4.719749689102173
4.643046706914902
4.876658916473389
4.9254801869392395
2.9658617079257965
4.9980029463768005
4.705234169960022
4.375980794429779
4.825227111577988
4.982497990131378
4.646708816289902
4.995201528072357
4.920588731765747
2.7483407594263554
4.6855321526527405
3.4868066012859344
4.94416356086731
4.993757009506226
4.6713002026081085
4.904845654964447
4.333798885345459
4.801727086305618
4.927139580249786
4.663418680429459
4.892824292182922
3.98546040058136
4.9724045395851135
4.9797123670578
4.991502463817596
4.952239990234375
4.156760275363922
4.991872012615204
4.510348290205002
2.846825048327446
4.815802276134491
4.951226562261581
4.975565671920776
4.711730629205704
4.992332607507706
3.7685075402259827
2.819167748093605
4.899080693721771
5.0
4.889999628067017
4.914774298667908
4.786283373832703
3.8621410727500916
4.2228856682777405
4.796079993247986
4.89117830991745
4.991870671510696
4.95527446269989
4.976678043603897
4.838919043540955
4.896078258752823
4.849618524312973
4.596917629241943
4.970037341117859
4.3513742089271545
4.66295450925827
4.957088977098465
4.44070503115654
4.787113070487976
3.54249469935894
4.842925667762756
4.601632654666901
5.000000298023224
4.934481531381607
4.895769357681274
4.532099962234497
4.5869773626327515
4.865280091762543
5.0
4.951226562261581
4.823053777217865
4.851877838373184
4.978337436914444
4.584474265575409
4.865089058876038
4.614497721195221
4.800265431404114
4.991184771060944
4.998444616794586
5.000000298023224
4.731705337762833
3.709767907857895
4.614730477333069
4.627841114997864
4.782377332448959
4.487438946962357
4.883405864238739
4.882881939411163
4.898866266012192
4.709334969520569
4.733717739582062
4.335963875055313
4.985870122909546
3.636575937271118
4.749753773212433
4.957214742898941
4.593475759029388
4.9916984140872955
4.751182198524475
4.963975250720978
5.000000596046448
4.896078258752823
4.711516201496124
4.996035993099213
4.285940229892731
4.934486597776413
4.980121850967407
4.960840344429016
4.955630898475647
4.927711188793182
4.80241060256958
4.782245457172394
4.8983994126319885
4.983833283185959
4.951346218585968
4.801241457462311
4.73544180393219
4.92015078663826
4.847593903541565
4.967003166675568
4.487045258283615
2.898881509900093
4.512619972229004
4.831176549196243
4.901931881904602
4.993311315774918
4.7590333223342896
4.97363805770874
4.745815992355347
4.64264914393425
4.815260469913483
4.134669601917267
4.896417856216431
5.000000596046448
4.679132699966431
4.745121598243713
4.934412837028503
4.86599937081337
4.878493845462799
4.292916357517242
4.856121689081192
4.81268584728241
4.415247142314911
4.503711462020874
4.931590557098389
4.984222948551178
4.3560609221458435
4.784151762723923
5.000000298023224
4.9432456493377686
4.348962903022766
4.9714866280555725
4.977513998746872
5.000000298023224
4.955321401357651
4.828290343284607
3.297453671693802
4.139213711023331
4.508432000875473
4.739483892917633
4.888692647218704
4.921519458293915
4.652060568332672
4.909463673830032
4.356714189052582
4.957470893859863
4.974987655878067
4.9852825701236725
4.975022375583649
4.987471550703049
4.8210033774375916
4.238086640834808
4.947939813137054
4.94465559720993
4.982513189315796
4.460452646017075
4.408377707004547
4.806549698114395
4.281841218471527
2.644808031618595
3.9956778287887573
4.49882447719574
4.876188784837723
4.917015731334686
4.954880475997925
4.765667021274567
5.0
4.669230878353119
4.945303201675415
3.2636457681655884
4.305295646190643
4.254884123802185
2.794927842915058
4.982331991195679
3.588472381234169
4.402379989624023
4.849925339221954
4.9216292798519135
5.0
4.849536716938019
4.806933552026749
4.859964847564697
4.941565841436386
4.550657570362091
4.299163818359375
3.0108050256967545
4.734277129173279
4.945037513971329
4.170032441616058
4.834448397159576
4.745867550373077
4.409597218036652
4.869107604026794
4.649763703346252
2.67679650336504
4.452215880155563
4.283046871423721
4.773145914077759
4.923650324344635
3.5229267179965973
2.5403506122529507
4.967276453971863
3.623635917901993
4.7248658537864685
4.969897568225861
4.951678961515427
5.000000596046448
4.987515509128571
4.999999403953552
4.456352591514587
4.531151354312897
5.0
4.978113919496536
4.705946296453476
4.914879947900772
4.958955496549606
4.8927754163742065
4.953694939613342
4.907077997922897
4.888160228729248
4.740973114967346
4.8417143523693085
3.18837970495224
4.333310127258301
4.326771646738052
4.849618524312973
4.166756272315979
4.859807193279266
4.997689127922058
4.778158515691757
5.0
4.935726374387741
3.7692084908485413
4.985334873199463
4.638120532035828
4.8278602957725525
4.944799244403839
5.0
4.916154742240906
4.884371310472488
4.697929322719574
4.401870965957642
4.6808382868766785
5.0
4.99822273850441
4.1397640109062195
4.963729679584503
4.9306148290634155
4.739334881305695
4.930033385753632
4.764897674322128
4.94486004114151
4.815553724765778
4.770954847335815
5.0
4.939028322696686
3.679177761077881
2.7752384543418884
4.9323853850364685
3.459865152835846
4.96832013130188
4.911138117313385
4.7874486446380615
4.999999850988388
4.22773078083992
2.9760434851050377
4.296117126941681
4.535490423440933
4.923975765705109
4.892891347408295
4.9941085278987885
4.561038762331009
4.982203543186188
4.589225351810455
4.904961585998535
4.655533730983734
4.779472053050995
4.851877838373184
4.289791285991669
4.8637402057647705
4.90073174238205
4.873297959566116
4.435879290103912
4.662137478590012
4.8544833064079285
4.803533554077148
4.737684726715088
4.551966190338135
4.873853772878647
4.409575164318085
4.921873211860657
4.298023581504822
4.813832640647888
4.771243929862976
4.721464365720749
4.907577335834503
4.841771721839905
4.808885157108307
2.6593435369431973
4.3834517896175385
2.927815765142441
4.783717691898346
4.348665624856949
4.996638298034668
4.880001395940781
3.9965876936912537
2.8081146627664566
4.692113697528839
4.477053731679916
4.766055047512054
4.856135845184326
5.000000298023224
3.8699617981910706
5.0
4.870351552963257
4.949276447296143
4.844590872526169
4.60463285446167
4.999999850988388
4.711805433034897
4.960470050573349
4.665226638317108
4.620599448680878
4.995135068893433
5.000000298023224
4.605182558298111
4.358544051647186
4.77083146572113
4.673382639884949
2.8817232325673103
3.9164599776268005
4.875226318836212
4.9775053560733795
4.211018681526184
5.000000298023224
4.77094903588295
4.954885840415955
4.994342923164368
3.9168578386306763
4.005080759525299
4.779946804046631
4.752855896949768
4.886117577552795
4.604157358407974
5.000000298023224
4.569557458162308
4.9428412318229675
4.978583455085754
4.989475309848785
4.7664520144462585
4.770696610212326
4.860449731349945
2.8039233572781086
4.914910644292831
4.902684390544891
4.590079188346863
4.8126813769340515
4.976400285959244
4.833110272884369
4.390790909528732
4.981206953525543
4.356088042259216
4.663076400756836
4.936430901288986
4.878917038440704
4.671715199947357
4.934739023447037
3.116675540804863
4.989998042583466
4.991087317466736
4.964668303728104
4.6069784462451935
4.883405864238739
4.963905215263367
4.900892674922943
4.514935463666916
4.762310981750488
4.895802736282349
4.272008240222931
4.989553391933441
4.866242706775665
4.751801043748856
4.591501355171204
4.6184176206588745
4.993651360273361
4.6803708374500275
4.90553617477417
4.712701737880707
4.956125915050507
5.0
5.000000298023224
4.619351625442505
4.413112699985504
4.592071771621704
4.516071975231171
4.999999850988388
4.732881486415863
4.886319488286972
4.870351552963257
4.991984963417053
4.9624283611774445
4.358961284160614
4.916535317897797
4.712664783000946
4.719719588756561
4.9107906222343445
4.992684721946716
3.391079604625702
5.0
4.964430928230286
4.923522770404816
4.806757569313049
4.959836006164551
4.637339115142822
3.9165443181991577
4.895700961351395
3.145684599876404
4.111470282077789
4.92366224527359
3.5723284631967545
4.943164587020874
4.8544833064079285
4.148142039775848
4.932490438222885
4.236540198326111
5.0
3.9872388541698456
4.860607385635376
4.999999850988388
4.967276453971863
4.4377201795578
4.933556020259857
4.9323853850364685
4.910497069358826
4.907553493976593
4.78917121887207
4.97279554605484
4.804721474647522
3.3322739601135254
4.820088446140289
4.895277321338654
3.099006339907646
4.325175732374191
4.776715338230133
4.96770367026329
4.871331453323364
5.000000298023224
4.858694076538086
4.6078115701675415
4.367986619472504
4.765223562717438
4.42286491394043
4.674670100212097
4.651679545640945
4.999999850988388
4.883487373590469
4.873194992542267
4.21322301030159
4.76859375834465
4.3710631132125854
4.941165745258331
4.970783293247223
4.780361354351044
4.624419212341309
5.000000298023224
3.268766403198242
4.962801784276962
4.999999850988388
4.9516719579696655
5.0
4.867153763771057
4.99619647860527
4.86223429441452
4.87294614315033
4.965037107467651
4.906231313943863
4.839111268520355
4.940968006849289
4.995162487030029
4.466763138771057
4.943356513977051
4.888454377651215
4.967003166675568
4.854216575622559
4.868742078542709
4.613725244998932
4.8472923040390015
4.841553121805191
4.58677351474762
4.9907998740673065
4.954271018505096
4.928271472454071
4.854270368814468
4.554935693740845
4.876996576786041
3.0667217820882797
4.724513441324234
4.908127337694168
4.914319217205048
4.332457482814789
3.6855321377515793
4.824697822332382
5.0
4.988325834274292
4.339273571968079
4.666934609413147
4.740443229675293
4.8662373423576355
4.8870669305324554
4.867220968008041
4.927704483270645
4.775328636169434
4.892536699771881
4.39272940158844
4.966137111186981
4.8065511882305145
4.437553137540817
4.780620783567429
3.8240161538124084
4.898326396942139
4.997729063034058
4.371438920497894
4.99234676361084
4.963924735784531
4.938354194164276
4.944009482860565
4.990461766719818
4.905896037817001
4.792713671922684
4.952578246593475
4.735836088657379
5.0
4.704500436782837
4.708535075187683
4.968458116054535
4.880332946777344
4.977172166109085
4.753796756267548
4.981881678104401
4.832331836223602
4.965984225273132
4.9748992919921875
4.978175014257431
4.562063664197922
4.4136375188827515
3.8937701284885406
5.0
4.620522558689117
5.000000298023224
4.847407788038254
4.601202309131622
4.952085167169571
4.367257356643677
4.336785078048706
4.87395703792572
5.000000596046448
4.935655891895294
4.9381135404109955
4.497027397155762
4.984682947397232
4.907112121582031
4.598506391048431
4.6308329701423645
4.355049580335617
4.990161806344986
4.8284924030303955
4.82062429189682
4.918749779462814
4.592624306678772
4.999999850988388
4.302869588136673
5.0
4.839924871921539
4.5188334584236145
4.8198480904102325
4.9333348870277405
4.877278208732605
4.922126978635788
4.430197030305862
4.057977497577667
4.999999850988388
4.366982877254486
3.881385028362274
4.972395300865173
4.557786136865616
4.926744252443314
4.904561340808868
4.988505244255066
4.736308157444
4.946276247501373
4.995635151863098
4.619277119636536
4.889000654220581
4.949345290660858
4.306569695472717
4.8955754935741425
4.69356968998909
4.967021644115448
5.000000298023224
5.000000298023224
3.8309651613235474
4.170032441616058
5.000000298023224
4.88915354013443
4.383406937122345
3.7094034999608994
3.7328535318374634
4.697745144367218
2.6358659006655216
4.758131802082062
3.9779752492904663
4.60749477148056
4.853277802467346
4.838964641094208
4.454875588417053
4.527307450771332
4.721336513757706
5.000000298023224
4.803533554077148
3.998662531375885
4.929717779159546
4.881530404090881
4.722976088523865
4.9890269339084625
5.000000298023224
4.911600947380066
4.985741376876831
4.544012099504471
4.9559129774570465
4.806366264820099
4.7066256403923035
4.614294618368149
4.430197030305862
4.455451965332031
4.95092898607254
4.8118725419044495
4.994471371173859
4.635449647903442
5.0
4.909392893314362
4.975190907716751
4.356088042259216
5.0
4.449628442525864
2.7334284596145153
4.849360287189484
3.213273659348488
5.0
4.787752628326416
4.991872012615204
3.045077808201313
4.331938922405243
4.597109854221344
3.7635138630867004
4.802532345056534
4.991724193096161
4.900234937667847
3.8577228784561157
4.127967655658722
4.9483709037303925
4.9284932017326355
4.517025351524353
4.897152632474899
4.9057836830616
5.0
4.385286271572113
4.860307574272156
4.602717757225037
5.000000298023224
4.902839958667755
4.548908472061157
4.555828869342804
4.907228052616119
4.900732785463333
4.510865658521652
4.895041882991791
4.844038486480713
4.76462721824646
4.916590452194214
4.995441883802414
4.268732964992523
4.588050544261932
4.962078034877777
4.999999701976776
4.905951619148254
4.950275123119354
4.826338142156601
3.9479972422122955
4.6789732575416565
3.796069771051407
4.38386857509613
4.682992398738861
4.993782788515091
4.988167434930801
4.238086640834808
4.750471264123917
4.810715615749359
4.945716112852097
3.180992156267166
4.471320062875748
4.9056631326675415
4.9626535177230835
2.9630983993411064
4.646857529878616
4.925151616334915
2.9759228974580765
4.904460608959198
3.854248523712158
4.9057836830616
4.84540581703186
3.9334391057491302
4.991266131401062
4.546188414096832
5.000000298023224
4.812108874320984
4.907661527395248
5.0
4.865570664405823
4.759054929018021
4.934861212968826
3.915986120700836
4.468919336795807
4.923522770404816
4.72505122423172
4.661986231803894
3.9924028515815735
4.992332607507706
4.846908450126648
4.986024647951126
4.6340905129909515
4.865281879901886
4.477715194225311
4.811239540576935
4.75751131772995
4.871773719787598
4.957796931266785
4.983170032501221
4.932934939861298
3.623635917901993
4.9409060180187225
4.851647317409515
4.436678886413574
4.881695061922073
4.279580116271973
4.707256555557251
4.936601668596268
4.985600709915161
4.871182590723038
4.872203022241592
4.954963028430939
4.999999701976776
5.000000298023224
4.481722116470337
4.303252696990967
4.786389172077179
4.517252296209335
4.795271456241608
5.000000298023224
4.670340418815613
3.013782724738121
4.879968762397766
4.92848664522171
4.493057876825333
4.653487801551819
4.970387518405914
4.9240390956401825
4.826526343822479
4.518231153488159
4.880894422531128
4.992763698101044
4.735836088657379
4.9805498123168945
4.84026312828064
2.8158293664455414
4.8498037457466125
4.7708383202552795
2.6649015955626965
4.991227984428406
5.0
5.000000298023224
3.0324549973011017
4.951281249523163
4.3727827072143555
5.000000298023224
4.762304127216339
4.9468134343624115
4.544096291065216
4.043557345867157
3.044874519109726
5.000000596046448
4.839771389961243
4.880953729152679
4.8884375393390656
4.772276729345322
4.925010800361633
5.000000298023224
4.8346346616744995
4.8144930601119995
4.953288584947586
4.878424555063248
4.875579923391342
4.89444226026535
4.986143559217453
4.869107604026794
5.0
4.973856210708618
4.740443229675293
4.495885968208313
4.941078722476959
4.772348701953888
4.940978288650513
4.964846074581146
4.133775532245636
4.801543951034546
4.750688672065735
4.758690297603607
4.7722455859184265
4.515398144721985
4.589263200759888
5.0
4.89105299115181
4.893391281366348
4.855979382991791
4.990522116422653
4.984104037284851
4.705946296453476
4.706118106842041
5.0
4.435253590345383
4.307478666305542
4.627837538719177
4.8332080245018005
5.0
4.965658038854599
4.272299110889435
4.4998690485954285
4.684784412384033
4.436330646276474
4.983256161212921
4.944713115692139
4.985876977443695
4.881389737129211
4.879765510559082
4.296603798866272
4.542086124420166
4.934201240539551
4.621577709913254
4.586419463157654
4.8873454332351685
4.888160228729248
2.7859485521912575
4.921748340129852
4.974623620510101
4.938822388648987
4.94572639465332
5.0
5.0
4.619277119636536
4.620522558689117
4.549689888954163
4.90553617477417
4.757867902517319
4.896067678928375
4.985547363758087
4.936432838439941
4.932477921247482
4.967958927154541
4.702721387147903
4.9663737416267395
4.990263730287552
4.892834424972534
4.191056787967682
4.556422233581543
4.819194674491882
4.896695166826248
4.999999850988388
4.845601916313171
4.898767471313477
5.000000298023224
3.242236375808716
4.832226783037186
4.347439706325531
4.553309381008148
4.458698630332947
3.677647113800049
4.879723787307739
4.693933427333832
4.572456628084183
4.95572566986084
4.981278777122498
4.971044063568115
4.602934420108795
2.7402755431830883
4.988797605037689
4.527192115783691
2.824895493686199
4.859456270933151
4.83807235956192
4.854854643344879
4.576112776994705
4.757152795791626
2.6379618048667908
4.608569443225861
4.66856062412262
4.999999701976776
4.343481510877609
4.9811190366744995
3.245585784316063
4.92366224527359
4.723429083824158
4.744977653026581
4.8684971034526825
4.726306647062302
4.809605777263641
4.973340928554535
4.622410088777542
2.984195351600647
4.99251127243042
2.825910672545433
4.774045646190643
5.000000298023224
5.000000298023224
5.0
4.60749477148056
4.713327884674072
4.555828869342804
4.990849494934082
4.506810158491135
4.746335744857788
4.4640518724918365
4.818567186594009
3.1303025782108307
4.682036489248276
4.78856161236763
4.829551726579666
4.848977476358414
4.96455118060112
4.583287537097931
5.0
4.490517228841782
4.911904335021973
4.5156994462013245
4.385338723659515
4.87876832485199
5.0
4.342061430215836
4.897069483995438
5.000000298023224
4.941816926002502
4.8722924292087555
4.533119797706604
4.858380705118179
4.833817631006241
4.339527487754822
4.277705550193787
2.9173944145441055
4.962736666202545
3.086332231760025
3.386189490556717
4.201783388853073
4.908127337694168
3.62416073679924
4.917048066854477
4.610551595687866
4.658729135990143
3.4870407730340958
4.668439626693726
4.9048542976379395
4.989916831254959
5.0
4.734672009944916
4.750581383705139
4.955691993236542
4.834955334663391
4.874257296323776
4.913101345300674
4.528212249279022
4.706118106842041
5.000000298023224
4.998187273740768
4.377142488956451
4.777209609746933
4.558074474334717
4.604972302913666
4.437819421291351
4.698517620563507
4.8980507254600525
2.6177961379289627
4.8587968945503235
4.728659838438034
4.321664869785309
4.466763138771057
4.258904159069061
4.4391752779483795
4.595497697591782
4.865739643573761
4.886063635349274
4.558859169483185
4.489430785179138
4.474596977233887
4.868307709693909
4.974215477705002
3.4934478998184204
4.97626468539238
4.997872561216354
4.914814382791519
3.8989880681037903
4.823424518108368
4.953381419181824
4.316880404949188
4.99029815196991
4.835739284753799
4.786322265863419
4.972222745418549
4.955578148365021
4.6855321526527405
4.747388958930969
4.975961446762085
4.2397186160087585
4.878827929496765
4.798255115747452
4.777417480945587
5.0
4.496557861566544
3.0736038833856583
4.6502238512039185
4.802241325378418
4.849637150764465
4.782377332448959
4.7419266402721405
4.839924871921539
4.709334969520569
4.254560172557831
4.997740089893341
4.980131089687347
5.000000298023224
2.8441187366843224
5.000000596046448
4.805745333433151
4.751625210046768
4.561433643102646
4.906542897224426
4.9409060180187225
4.88969162106514
4.796164631843567
4.910177439451218
4.396890699863434
4.357686638832092
4.984544813632965
4.804399907588959
4.719719588756561
5.000000298023224
4.820816367864609
4.711985886096954
5.0
4.893855601549149
5.0
4.758263677358627
4.830504357814789
4.753511399030685
4.6876949071884155
4.800272136926651
5.0
4.771707653999329
4.973447322845459
4.998187273740768
4.946288764476776
5.000000596046448
4.957225173711777
4.743643403053284
4.7066256403923035
4.476783722639084
4.652187079191208
4.858879595994949
4.797100126743317
4.451063275337219
4.822261482477188
4.773623943328857
4.90805983543396
5.0
4.288672655820847
4.645443260669708
4.956109672784805
4.943297505378723
4.989998042583466
5.0
3.252837061882019
4.847800582647324
4.962642043828964
4.948616176843643
3.752749264240265
4.898209869861603
4.823053777217865
4.882881939411163
4.991146922111511
4.793497920036316
4.962957352399826
4.648382514715195
4.691552817821503
5.0
4.834448397159576
4.773623943328857
5.0
2.4044039007276297
4.804399907588959
4.087384343147278
3.8124805688858032
4.371438920497894
4.913298934698105
4.103330969810486
4.797681272029877
4.824583828449249
4.966447949409485
4.633291810750961
5.0
4.932790994644165
4.960470050573349
3.936660587787628
3.8913381099700928
3.0642277747392654
4.971507042646408
3.8052424788475037
4.809093177318573
4.925843775272369
4.92597833275795
4.8827484250068665
4.108186960220337
4.985494613647461
4.74314421415329
5.0
4.932477921247482
4.71780002117157
4.332631379365921
4.7934213280677795
4.874257296323776
4.104619026184082
4.750471264123917
4.937216192483902
3.397338390350342
4.8417143523693085
4.761301130056381
4.993330538272858
2.5184022821485996
4.236540198326111
4.989553391933441
5.0
4.302251935005188
4.712990820407867
4.922119677066803
5.0
4.8722924292087555
4.830504357814789
4.835200607776642
4.862724840641022
4.796485155820847
4.93882343173027
4.772873818874359
3.677647113800049
4.773126393556595
4.968041479587555
4.999999701976776
5.000000596046448
4.704563915729523
4.849166125059128
4.826338142156601
4.826055318117142
4.9055905640125275
4.789364188909531
4.586698561906815
4.744604527950287
4.974869787693024
4.931368827819824
3.5954198241233826
4.7802770137786865
4.9316102266311646
4.555929005146027
4.839581251144409
4.753052145242691
4.473237544298172
4.489430785179138
4.987423121929169
4.927880167961121
4.844038486480713
5.0
5.0
5.000000298023224
4.765223562717438
4.704691171646118
4.902526289224625
4.704770147800446
4.861091375350952
4.435253590345383
4.916524291038513
4.940090179443359
4.985624402761459
4.884173423051834
4.887641817331314
5.0
4.653572142124176
4.895724356174469
4.684044122695923
3.1158940866589546
4.757506251335144
5.000000298023224
4.78094220161438
4.498462080955505
4.8206827044487
4.160991609096527
4.612222611904144
4.968154430389404
4.65411514043808
2.792027872055769
4.993746429681778
4.6078115701675415
4.89847257733345
3.780457228422165
5.000000298023224
4.854510575532913
4.9940599501132965
4.528598189353943
4.765421152114868
4.7426751255989075
4.998272657394409
4.946628510951996
4.87673357129097
4.877415895462036
4.513679146766663
4.907698035240173
4.920078665018082
4.289791285991669
4.852448999881744
4.165188372135162
4.8692068457603455
4.977957010269165
4.270660579204559
4.75706160068512
4.3807803094387054
4.186327010393143
4.721336513757706
4.459216743707657
4.989961534738541
4.715081453323364
4.049594700336456
4.853289723396301
4.994344413280487
4.668439626693726
4.899852424860001
3.947516679763794
4.6508899331092834
4.500445127487183
4.916572421789169
4.972740858793259
4.955763220787048
3.1045841425657272
4.92100715637207
4.319499135017395
4.1703855991363525
4.376131594181061
4.974566400051117
4.535490423440933
4.6792784333229065
4.999999850988388
4.2644840478897095
4.9528568983078
3.88962060213089
4.5496587455272675
4.369645714759827
4.956474304199219
4.908994138240814
4.895198494195938
4.564996361732483
4.970843493938446
4.4998690485954285
4.713327884674072
4.904845654964447
4.934179931879044
4.802241325378418
4.91164043545723
3.278326839208603
4.920780658721924
4.797997623682022
5.000000298023224
4.8227521777153015
4.9875324964523315
4.8384028673172
4.68928188085556
4.850332289934158
4.962110668420792
4.829934239387512
3.9585523307323456
5.0
4.803413450717926
2.467387435026467
4.941952675580978
4.802650660276413
4.982713907957077
4.963195621967316
4.910429120063782
4.389060437679291
4.7722455859184265
4.99234676361084
4.191162139177322
4.960515052080154
4.769630432128906
5.0
4.665088653564453
4.869371056556702
4.859789162874222
4.628981500864029
3.075207397341728
4.845139980316162
4.858559966087341
4.316284656524658
4.839111268520355
4.735226631164551
3.6839184165000916
4.9463143944740295
4.8605601489543915
3.7328535318374634
4.998393356800079
4.393023997545242
4.982715547084808
5.0
4.300615191459656
4.914453774690628
4.7664520144462585
5.0
4.449715465307236
4.957409650087357
4.786389172077179
4.828372746706009
4.836029410362244
4.713038802146912
4.957433640956879
4.857197403907776
3.2286305725574493
4.839581251144409
4.9905456602573395
4.931155294179916
4.9624283611774445
4.9028319120407104
4.91184800863266
4.9336837232112885
4.98899519443512
4.774045646190643
4.862768203020096
2.8840389102697372
4.98095229268074
5.0
4.577789604663849
4.686301052570343
4.974122941493988
3.772144317626953
4.673092067241669
5.000000298023224
4.991087317466736
4.7840481996536255
4.638480246067047
4.999999850988388
4.696354866027832
4.932460337877274
3.060481548309326
5.000000298023224
4.999999850988388
4.878378808498383
4.934864342212677
4.97770220041275
4.4640518724918365
5.000000298023224
4.13857489824295
4.887589812278748
4.894188046455383
4.881951212882996
4.999999850988388
4.945527017116547
4.9643054604530334
4.473237544298172
4.9443718791008
4.869242161512375
4.239548295736313
4.5231494307518005
4.84338253736496
4.82943058013916
4.8678286373615265
4.930638521909714
4.734863638877869
2.5344915548339486
4.784328788518906
4.888454377651215
4.892834424972534
4.649763703346252
4.706738442182541
4.999999552965164
4.669354408979416
4.965176284313202
4.763124585151672
4.631478041410446
4.957225173711777
4.990189075469971
4.6415117383003235
4.040591716766357
3.4941991418600082
4.73392516374588
4.991029798984528
4.705234169960022
4.5496587455272675
4.803200215101242
4.999999701976776
4.572946727275848
4.6111926436424255
4.888143539428711
4.306489527225494
4.212982952594757
4.902684390544891
2.4038820154964924
4.992194473743439
4.991844743490219
5.0
4.975507855415344
4.89717110991478
4.57994818687439
4.7802770137786865
4.938434660434723
4.669354408979416
4.895802736282349
3.861202895641327
4.865337014198303
4.364168643951416
4.997872561216354
3.895067870616913
3.938587009906769
4.997262805700302
2.8651895001530647
4.493039846420288
4.449504613876343
4.626963138580322
4.702721387147903
4.946276247501373
4.813486933708191
4.853173792362213
5.0
4.974752217531204
4.676756858825684
4.971117079257965
4.712924808263779
4.591271281242371
4.460266679525375
4.939769208431244
4.4917988777160645
4.718757718801498
4.9480971693992615
4.930142760276794
4.9839819967746735
4.876161515712738
4.8983994126319885
4.413112699985504
5.000000298023224
4.839170277118683
4.824108183383942
4.940453618764877
5.000000298023224
5.000000596046448
4.279254674911499
2.7238478884100914
4.742433130741119
5.0
4.731610417366028
4.786694347858429
5.000000298023224
5.000000596046448
5.000000298023224
4.9655745923519135
5.000000298023224
4.310328960418701
2.9240673035383224
4.986074268817902
4.2315685749053955
4.98745396733284
4.881017208099365
4.033812880516052
4.9670469760894775
4.550657570362091
4.742985516786575
4.675135761499405
4.395498484373093
4.995442032814026
4.924294352531433
4.858997613191605
4.94045153260231
4.969747215509415
5.0
4.948807060718536
4.7112515568733215
4.700761139392853
4.648551642894745
4.992633908987045
5.0
4.621577709913254
4.922599345445633
4.969607591629028
4.90157887339592
2.8968992084264755
3.4488920867443085
4.971517622470856
5.0
4.889373630285263
4.975657761096954
4.5188334584236145
4.8435065150260925
4.9888017773628235
4.661464691162109
4.7879548370838165
4.824967980384827
4.858793318271637
4.235279560089111
3.861965537071228
5.000000298023224
4.775700569152832
5.000000298023224
4.911138117313385
5.0
3.3256718516349792
4.763379395008087
4.669039100408554
4.993701726198196
4.730275273323059
4.9777451157569885
4.651845991611481
4.183872044086456
4.984863698482513
3.0106455087661743
4.911754131317139
4.868930280208588
4.633557945489883
3.8665832579135895
4.1397640109062195
4.798255115747452
4.757867902517319
3.339306116104126
4.2017510533332825
4.958437085151672
2.842458039522171
4.820114374160767
4.9911995232105255
4.137676954269409
2.859450951218605
4.956254065036774
5.0
4.703895002603531
5.0
4.539008438587189
5.000000298023224
4.974507689476013
5.000000298023224
4.9733395874500275
4.706616997718811
4.821524620056152
4.781493097543716
3.4898052364587784
4.642549604177475
4.341031014919281
4.4046750664711
4.626804441213608
4.448752701282501
4.983111619949341
5.0
4.812352955341339
4.808885157108307
4.478914588689804
4.813719391822815
3.511519283056259
4.388830661773682
2.695533074438572
4.4351813197135925
4.988610744476318
4.095295667648315
4.55293670296669
4.777989685535431
4.924933314323425
3.148738071322441
4.853075295686722
5.0
4.754685759544373
3.829318583011627
4.762815237045288
5.000000298023224
4.963425397872925
4.899539351463318
4.967886358499527
4.963081926107407
4.941074997186661
4.943297505378723
4.904861748218536
4.985761791467667
4.910380244255066
4.824583828449249
4.622481167316437
4.345785081386566
4.879159182310104
4.473068416118622
4.916255325078964
4.079512059688568
4.802185446023941
4.966547340154648
4.755772948265076
4.580830633640289
4.9209776520729065
5.0
5.0
3.683093711733818
4.9556900560855865
4.765320718288422
5.0
4.892734885215759
4.695146679878235
4.944432973861694
4.9761636555194855
5.0
4.670340418815613
4.951634407043457
4.873853772878647
4.802757799625397
4.8528361320495605
4.943164885044098
4.194950461387634
4.999999701976776
4.790997803211212
5.000000298023224
4.9468134343624115
4.4725483655929565
4.722535461187363
4.623145014047623
4.914162904024124
4.906092137098312
4.852403700351715
5.000000596046448
4.995162487030029
4.526333212852478
4.977355003356934
4.9336837232112885
4.296117126941681
4.768506437540054
3.0188875272870064
2.776103913784027
4.518764317035675
4.877773225307465
4.953288584947586
4.502001255750656
4.9209776520729065
4.767865240573883
4.7934213280677795
4.830553084611893
4.916969835758209
4.326718747615814
4.995635151863098
4.9445778131484985
4.842446446418762
4.971186518669128
4.890684336423874
4.856447130441666
4.589225351810455
4.920279532670975
4.992684721946716
4.926336705684662
4.878827929496765
4.598305821418762
4.9940890073776245
4.987659901380539
4.505644738674164
3.063594251871109
4.962724596261978
4.985718876123428
4.9891164898872375
5.0
4.6361324191093445
4.953594505786896
4.84389528632164
4.744440913200378
4.781493097543716
3.6358729749917984
4.785901308059692
4.9667322635650635
4.9905383586883545
4.916535317897797
4.971186518669128
4.612877666950226
4.860146343708038
4.73535418510437
4.874355494976044
4.614294618368149
5.000000298023224
4.563930928707123
4.950772672891617
2.8742004185914993
2.79953395947814
4.8401786386966705
4.94486004114151
4.913776069879532
4.9667322635650635
4.857197403907776
4.00085374712944
4.734672009944916
4.736308157444
4.861492961645126
4.421165585517883
2.7686767280101776
5.000000298023224
5.000000596046448
4.996873289346695
4.560949206352234
4.787781685590744
4.896759390830994
4.879055172204971
4.68829482793808
4.922344386577606
4.802185446023941
2.7338070422410965
4.610999226570129
4.854854643344879
4.486857056617737
4.827823042869568
4.678324460983276
4.975576251745224
4.987005889415741
4.050144553184509
4.3834517896175385
4.974308907985687
4.812170565128326
4.312804639339447
4.470234215259552
3.4275566041469574
4.957787841558456
4.992763698101044
4.994196444749832
4.949427992105484
4.8102253675460815
4.619351625442505
4.603177309036255
4.691552817821503
3.820861577987671
4.9672532081604
4.635153412818909
4.753796756267548
4.936553239822388
4.784313887357712
4.940378367900848
5.000000298023224
4.981620162725449
3.808298707008362
4.775027185678482
4.673350900411606
4.715081453323364
4.6467337012290955
4.263785034418106
4.556074142456055
4.941657930612564
5.000000596046448
4.69356968998909
4.635153412818909
4.693933427333832
3.27380508184433
4.982715547084808
4.0029823780059814
5.0
4.879149794578552
4.995728433132172
3.037557676434517
4.7855716943740845
3.9965876936912537
4.686639904975891
4.451442211866379
4.488237202167511
4.897548854351044
4.504878968000412
3.1363296508789062
4.785919487476349
4.907077997922897
4.915055334568024
4.2283326387405396
4.905896037817001
4.8988862335681915
4.9881139397621155
4.963135123252869
4.68928188085556
4.781356006860733
4.865439683198929
4.8997849225997925
4.755281060934067
4.952085167169571
4.926244020462036
4.6091872453689575
4.844668656587601
4.9898189306259155
4.768255800008774
4.669750481843948
5.000000298023224
4.987089931964874
4.872203022241592
4.491340219974518
4.742830991744995
5.0
4.90568608045578
4.480948895215988
5.000000298023224
4.952420741319656
4.931968301534653
4.951723217964172
4.131290316581726
4.76715624332428
4.471320062875748
4.18161541223526
2.8049572557210922
4.941078722476959
4.923229813575745
3.975294381380081
4.943164885044098
4.087945073843002
4.994716048240662
3.2772110402584076
4.5923954248428345
4.724968373775482
4.686301052570343
4.999999701976776
4.913631081581116
4.881017208099365
4.8868343234062195
4.463095963001251
4.155745506286621
4.876161515712738
4.728187024593353
3.6603903770446777
4.643857181072235
4.8848557472229
4.5240795612335205
4.898379445075989
4.586419463157654
3.30045223236084
5.0
4.812550991773605
4.678238183259964
4.90371972322464
4.18161541223526
4.678238183259964
3.674326390028
4.354499876499176
4.865689277648926
3.4870407730340958
4.918957203626633
4.959644973278046
4.915062487125397
4.5993199944496155
4.859536737203598
4.831846654415131
4.735739827156067
4.931387901306152
4.487045258283615
4.9221983551979065
4.747830927371979
4.778807759284973
4.957038760185242
4.999999701976776
2.8536704182624817
4.932924211025238
5.000000298023224
4.961187541484833
4.976049363613129
4.8997920751571655
4.745815992355347
4.842918664216995
4.861383140087128
5.000000298023224
3.8678161799907684
4.434185326099396
4.532354176044464
4.0217025578022
4.560337662696838
4.991938471794128
4.898490905761719
5.0
4.632080793380737
4.843635857105255
4.7906264662742615
4.768995940685272
3.1657835841178894
4.805757999420166
4.775027185678482
4.980698823928833
4.613039195537567
5.000000596046448
4.914548546075821
4.784313887357712
4.287502467632294
2.8299757838249207
4.8507872223854065
4.921552389860153
4.938956201076508
4.880529046058655
4.967246800661087
4.302251935005188
4.8045507073402405
2.8750599175691605
4.393787980079651
4.84273836016655
5.0
4.6004074811935425
3.0811767280101776
4.206816703081131
4.670886397361755
4.397291541099548
4.927092492580414
4.801629036664963
4.705232232809067
4.382850676774979
4.726996719837189
4.803649187088013
4.8004695773124695
4.814860671758652
3.5103334486484528
4.982570111751556
4.866131246089935
4.966497123241425
4.251779317855835
4.73392516374588
5.000000596046448
4.95993584394455
2.750061396509409
3.1428078562021255
4.971517622470856
4.39272940158844
4.983210563659668
4.057299643754959
3.1851187348365784
4.944561570882797
4.991980940103531
4.7481755912303925
4.503660798072815
5.0
4.910177439451218
4.793013036251068
4.985784143209457
4.300615191459656
4.177280813455582
4.087945073843002
4.869911074638367
4.964769333600998
4.86345648765564
3.0855250358581543
4.958727061748505
3.0729951336979866
4.805465191602707
5.000000298023224
4.583282321691513
4.484233260154724
4.958558678627014
4.165188372135162
4.686917811632156
4.770955294370651
4.6852655708789825
4.690506309270859
4.9550119042396545
4.577681124210358
4.441649615764618
4.744649976491928
4.1843244433403015
3.799985945224762
4.871372580528259
3.5680974274873734
4.973835349082947
4.868856370449066
4.678221940994263
3.455563634634018
4.867153763771057
4.960249066352844
5.000000596046448
4.540327191352844
3.939957618713379
5.0
4.988870173692703
4.89713191986084
4.949410706758499
5.000000298023224
4.185841083526611
2.8148049488663673
3.617766425013542
4.9476927518844604
4.921088814735413
4.865281879901886
3.988703340291977
4.766114056110382
4.335868656635284
4.651089310646057
4.904002845287323
2.8713900223374367
4.8889100551605225
4.479378759860992
4.772276729345322
5.000000596046448
4.756673872470856
4.687450528144836
2.8210268169641495
4.873318076133728
4.879789352416992
4.958392381668091
4.629250764846802
4.95261937379837
4.390188604593277
4.523447155952454
4.978337436914444
4.977070689201355
4.897069483995438
5.000000298023224
4.719636291265488
3.013986572623253
5.000000298023224
4.573418945074081
5.000000298023224
4.316284656524658
5.000000298023224
4.99130517244339
4.533949643373489
4.6951450407505035
4.103875756263733
4.921519458293915
4.930279552936554
5.0
4.966342747211456
4.7701020538806915
4.886117577552795
5.0
4.846421480178833
4.7248658537864685
4.927345812320709
4.836220443248749
4.777891039848328
2.638551965355873
5.0
4.812352955341339
5.000000596046448
4.786466658115387
4.847593903541565
4.626089632511139
4.863160252571106
4.939246028661728
4.965789318084717
3.0919378623366356
4.9940599501132965
4.7374847531318665
4.768995940685272
5.0
4.6893011033535
4.6041712164878845
3.400851860642433
4.88915354013443
4.899852424860001
3.520892634987831
5.0
4.875232577323914
4.960057437419891
4.971059262752533
4.938941448926926
4.908241033554077
4.433952569961548
4.849609136581421
3.80636066198349
4.769630432128906
4.972348362207413
3.5192713141441345
4.941133409738541
4.890656769275665
4.9052271246910095
4.9122098088264465
4.6361978352069855
4.509146213531494
4.898323714733124
5.000000298023224
4.993651360273361
4.040762782096863
4.952578246593475
5.000000298023224
4.894142150878906
3.6462242156267166
5.000000298023224
3.1528084725141525
4.988945871591568
4.976400285959244
4.558096379041672
4.922126978635788
4.8616233468055725
4.84026312828064
4.973637610673904
3.952719420194626
4.399845600128174
5.0
3.9318381249904633
4.505621790885925
4.98803585767746
4.7087180614471436
4.89713191986084
4.695146679878235
4.874525815248489
4.737977981567383
4.86678272485733
4.781324863433838
4.747388958930969
4.941074997186661
4.434185326099396
4.065412878990173
4.670262336730957
4.281513690948486
4.929490685462952
3.762623369693756
4.911378920078278
4.941255152225494
4.791475385427475
5.0
4.967821389436722
4.914588928222656
4.537467062473297
4.2228856682777405
4.974487125873566
4.584474265575409
4.096197783946991
4.988870173692703
4.630226939916611
4.970078468322754
4.737529903650284
4.584642946720123
4.639436900615692
4.72600132226944
4.70028817653656
4.576140642166138
4.737960696220398
4.683546423912048
4.903213977813721
4.74139928817749
4.999999701976776
4.988746345043182
3.350013941526413
5.0
4.926609396934509
4.526333212852478
4.649966657161713
4.952420741319656
4.7708383202552795
4.784988462924957
4.833202362060547
4.878164827823639
3.971950113773346
3.3118940889835358
4.353338778018951
2.9873064905405045
4.958437085151672
4.660115540027618
4.566447138786316
4.959356933832169
4.380553364753723
4.971044063568115
4.792276322841644
4.873750656843185
4.92758721113205
4.95372548699379
4.471659958362579
4.922010004520416
3.840959370136261
4.799894988536835
3.139624521136284
5.0
4.859674870967865
4.4240811467170715
4.6178606152534485
4.98531848192215
2.631195615977049
4.212510585784912
4.779472053050995
4.704478979110718
3.0714349448680878
4.871773719787598
4.0920087695121765
4.944762289524078
4.73535418510437
5.000000298023224
4.957828372716904
4.694906920194626
4.8278602957725525
3.6462242156267166
4.893121421337128
4.833559840917587
4.169413298368454
2.9068708047270775
4.7578564286231995
4.796164631843567
5.000000298023224
4.330850541591644
4.2612700164318085
4.945333749055862
4.480305463075638
3.3541621267795563
4.834128022193909
4.014082551002502
4.8616233468055725
4.972348362207413
4.519212394952774
4.401870965957642
4.828512370586395
4.968115389347076
4.928081631660461
5.000000298023224
5.000000596046448
4.956125915050507
3.7348463386297226
4.462428241968155
4.651845991611481
4.893561005592346
4.704274237155914
4.985583126544952
4.916008114814758
4.89557683467865
4.879471808671951
4.89955872297287
4.874743074178696
4.46664035320282
3.2233794778585434
4.780361354351044
5.000000298023224
5.0
4.355049580335617
4.988505244255066
4.820096045732498
3.139057010412216
4.920078665018082
3.854248523712158
2.640539826825261
4.604064226150513
4.713789373636246
4.9471065402030945
4.958118200302124
4.826055318117142
4.987675845623016
4.430978000164032
4.977971911430359
4.590079188346863
4.8126813769340515
4.634999483823776
4.906542897224426
4.365224838256836
4.966238439083099
4.949345290660858
2.398943929001689
3.147154301404953
4.71410870552063
5.000000298023224
4.872258305549622
4.918607175350189
5.000000298023224
4.995162487030029
4.753226041793823
4.634343385696411
4.880953729152679
4.8927441239356995
4.792977571487427
4.7435034811496735
5.000000298023224
4.103330969810486
4.902477711439133
5.0
4.775728732347488
4.079512059688568
4.7879548370838165
4.7391872107982635
4.995197206735611
4.964073598384857
4.711623340845108
4.339084476232529
4.786883592605591
4.865739643573761
4.872012138366699
4.84959676861763
5.000000596046448
4.889924973249435
4.876658916473389
4.9215468764305115
4.8144930601119995
4.475564062595367
4.890754073858261
4.984736144542694
4.584642946720123
5.0
4.814027547836304
4.533210396766663
2.988678961992264
3.050263598561287
4.854849278926849
4.845844805240631
4.3433877825737
4.915359914302826
3.304901570081711
4.568177759647369
4.918640851974487
4.8742058873176575
4.754685759544373
4.891485273838043
4.927092492580414
4.875401258468628
4.883779734373093
4.945691823959351
4.858284890651703
3.5966819524765015
4.514079391956329
4.767980873584747
4.929405599832535
4.515398144721985
4.653756022453308
4.906092137098312
4.720346927642822
4.052340239286423
5.000000298023224
4.911541789770126
4.104104787111282
4.978494346141815
4.315199255943298
5.0
4.9240390956401825
4.959867000579834
4.894188046455383
4.659713506698608
5.000000596046448
4.945769309997559
3.4804243594408035
4.870193004608154
4.972152262926102
3.7348463386297226
3.881385028362274
4.941007196903229
4.807947874069214
4.9843016266822815
4.921435713768005
4.999999701976776
5.0
4.425674080848694
5.0
2.742921896278858
4.953048527240753
4.982203543186188
4.999999850988388
4.206816703081131
4.319499135017395
4.68666285276413
4.945493936538696
4.990878701210022
5.000000298023224
4.805114269256592
4.962760508060455
4.965984225273132
3.8148613274097443
4.803707301616669
4.96951550245285
4.127480685710907
5.000000298023224
3.7377992272377014
4.924509525299072
4.085916876792908
4.786322265863419
4.791744351387024
4.895160794258118
4.979748725891113
4.974457770586014
4.947042167186737
3.091590031981468
4.96194913983345
4.850332289934158
5.000000298023224
4.804586470127106
4.172592461109161
5.000000298023224
4.897545576095581
4.8125386238098145
4.778807759284973
2.691665682941675
4.939606636762619
4.629135429859161
5.0
5.0
4.953634440898895
4.877961575984955
4.8160481452941895
4.888143539428711
4.648551642894745
5.000000298023224
4.076986610889435
4.898257851600647
5.0
4.766252487897873
4.666550159454346
4.913631081581116
4.729549884796143
4.882186055183411
2.7729593962430954
4.883671998977661
3.2297447323799133
4.653321951627731
5.000000298023224
3.6969146132469177
4.9619875848293304
4.973939508199692
4.953333735466003
5.0
4.9391672015190125
4.508432000875473
4.953694939613342
4.77266788482666
3.173532336950302
4.716807305812836
4.913104474544525
4.771707653999329
5.000000596046448
4.831868559122086
4.684564173221588
4.975565671920776
4.650326520204544
4.8569197952747345
4.907093495130539
3.043386936187744
4.817278683185577
3.0362311005592346
2.7222545631229877
4.894183874130249
4.800402820110321
4.966497123241425
4.952806234359741
4.873297959566116
5.0
4.375491142272949
4.991870671510696
4.993746429681778
4.908388555049896
2.878175601363182
4.798396825790405
4.945716112852097
5.0
4.979509115219116
4.959867000579834
4.964732527732849
4.773082733154297
4.78361651301384
3.782440423965454
4.731666594743729
4.8672816157341
4.999999850988388
4.938822388648987
4.855528324842453
4.982402473688126
4.218326210975647
4.691314548254013
4.898323714733124
4.602052569389343
3.423519730567932
3.906441181898117
4.936553239822388
4.622095972299576
3.8309651613235474
4.998340755701065
2.7354891039431095
4.971233904361725
4.992218762636185
4.528598189353943
4.99208927154541
4.262522459030151
4.9111407995224
3.5057931393384933
4.894142150878906
4.760762602090836
4.573414623737335
4.461977481842041
4.9048542976379395
4.897264838218689
4.97114971280098
4.9056461453437805
4.984358996152878
4.856690317392349
4.974869787693024
4.917488396167755
4.564996361732483
5.0
4.9458251893520355
2.5919542461633682
4.90844652056694
4.576438218355179
4.951788932085037
4.943526387214661
3.8665832579135895
4.810957312583923
4.9827541410923
4.977881461381912
4.919833093881607
4.876776337623596
4.13857489824295
4.454875588417053
4.8684971034526825
3.525555804371834
3.282102346420288
4.981330037117004
4.999999552965164
4.726278483867645
4.946438670158386
4.899341464042664
4.685840159654617
2.9423167556524277
4.992605894804001
4.553584158420563
4.751801043748856
4.479159712791443
4.5125749707221985
4.964195340871811
5.0
4.849637150764465
4.995744824409485
4.595482051372528
2.822117805480957
4.973554164171219
4.9788132309913635
4.711805433034897
4.871027171611786
4.695730209350586
4.512142390012741
4.684784412384033
4.942212700843811
4.287502467632294
4.5474690198898315
4.385338723659515
5.000000596046448
4.642871916294098
4.858694076538086
4.698707163333893
4.9613431096076965
4.6237437427043915
3.0729739740490913
4.501975923776627
4.960979223251343
4.975661933422089
4.611733555793762
4.926244020462036
4.966299831867218
5.000000596046448
4.526731967926025
4.896346628665924
4.890725314617157
4.281841218471527
5.000000298023224
4.9082159996032715
4.881150126457214
4.968854337930679
5.0
4.907093495130539
4.538389146327972
4.9377745389938354
4.927813112735748
4.296603798866272
4.576326310634613
4.993103444576263
4.859648942947388
4.629082828760147
5.000000298023224
4.689224362373352
4.590181261301041
3.9653800427913666
4.907642304897308
4.995749890804291
4.5047250390052795
4.796974062919617
4.900540858507156
4.765841066837311
4.801629036664963
4.219166338443756
4.918986409902573
4.0939997136592865
4.786883592605591
4.944894313812256
3.1463801115751266
4.482772648334503
5.0
4.906973838806152
4.684911668300629
4.8411718010902405
4.864162504673004
2.518898928537965
5.000000596046448
4.95361328125
4.868589341640472
4.9052199721336365
4.990092515945435
4.833559840917587
4.80241060256958
4.9950045347213745
4.78563517332077
5.0
5.000000596046448
2.976939119398594
3.02247054874897
3.9657118916511536
4.744440913200378
5.000000298023224
4.7426751255989075
4.7530776262283325
4.652217328548431
4.989243149757385
4.6069784462451935
4.514935463666916
4.97338742017746
5.000000298023224
4.309993386268616
4.828928709030151
2.7811748906970024
4.609362930059433
4.898166060447693
4.517281651496887
4.749753773212433
4.913418143987656
4.936432838439941
4.96194913983345
4.765183627605438
4.449504613876343
4.475564062595367
4.722535461187363
4.91652250289917
4.933842718601227
4.604972302913666
4.814345836639404
5.0
5.0
4.790997803211212
4.686463475227356
5.0
5.0
2.944219261407852
4.16783332824707
4.7540828585624695
5.0
4.436330646276474
4.989367723464966
4.912666082382202
2.788614723831415
5.000000298023224
4.82524499297142
4.981597363948822
4.746519327163696
5.0
2.947690114378929
4.19529527425766
5.0
4.896774590015411
4.972561299800873
4.923975765705109
4.868628680706024
4.658398628234863
4.705127477645874
4.767926335334778
4.548637568950653
4.491590261459351
4.3714021146297455
4.861383140087128
4.4359517097473145
3.829318583011627
4.974742233753204
4.8663632571697235
4.831168055534363
4.9034179747104645
4.8394326865673065
4.893627762794495
4.536233693361282
4.929081201553345
4.4845642149448395
3.9650124311447144
3.9779752492904663
4.943753033876419
4.7990283370018005
4.805114269256592
4.915866702795029
4.958257377147675
4.9317848682403564
4.799179434776306
4.922840595245361
4.589263200759888
4.981206953525543
4.918974936008453
4.2017510533332825
4.808456599712372
4.358251541852951
3.887060582637787
4.869877249002457
4.990020841360092
5.0
4.992503970861435
4.7579240798950195
4.603758901357651
4.927134811878204
4.773082733154297
4.897545576095581
4.810307621955872
4.507644176483154
4.364168643951416
4.83963668346405
4.8486945033073425
4.964376389980316
4.567437320947647
4.544846713542938
4.923229813575745
4.853638708591461
4.8955754935741425
4.531772285699844
4.96334969997406
4.134669601917267
4.755281060934067
5.0
4.521929919719696
4.934716522693634
2.700051963329315
5.000000596046448
5.000000596046448
3.521541953086853
2.887098714709282
5.0
4.890528619289398
4.648924767971039
4.987682998180389
4.6667420864105225
4.984191656112671
4.576112776994705
4.839917719364166
4.365259259939194
5.000000596046448
4.698701649904251
4.0565818548202515
5.0
2.898881509900093
5.0
3.7885695695877075
4.999999850988388
5.0
4.885268807411194
4.965923726558685
4.898959994316101
5.0
5.0
4.822804778814316
4.7219860553741455
4.999999850988388
5.0
4.960979223251343
4.500143676996231
4.409575164318085
4.7142720222473145
3.988703340291977
3.5530267655849457
4.962957352399826
3.8767310976982117
4.947592318058014
5.000000596046448
4.818468540906906
3.013364300131798
2.5384818855673075
4.665226638317108
4.851966500282288
3.6117836833000183
3.0789492279291153
4.659327268600464
4.8401786386966705
4.145953208208084
4.971801340579987
4.868077337741852
4.906167089939117
4.802532345056534
4.8037660121917725
2.7800093591213226
4.7891852259635925
4.9377745389938354
4.893121421337128
4.15990948677063
4.971059262752533
4.886365234851837
4.905742257833481
4.756673872470856
4.905782639980316
4.6283721923828125
5.0
4.8394326865673065
4.760762602090836
4.811239540576935
4.972554445266724
4.810472875833511
4.791475385427475
4.9882397055625916
4.974215477705002
4.978865534067154
4.639436900615692
4.460742026567459
4.85846534371376
2.801328506320715
4.890051931142807
4.999999701976776
4.85178679227829
3.9169831573963165
4.601056277751923
4.473068416118622
4.589694291353226
4.317325055599213
4.492685049772263
4.971117079257965
4.783323407173157
4.959791898727417
4.603631496429443
3.324775844812393
4.839067757129669
4.581009745597839
4.908821880817413
4.979756325483322
3.141401782631874
4.887641817331314
4.321664869785309
4.820114374160767
4.479378759860992
4.780620783567429
4.6643175184726715
4.928182363510132
4.973377883434296
4.978694915771484
4.78568509221077
4.738559126853943
4.77372944355011
4.3436408042907715
4.7438545525074005
3.434036523103714
4.593462944030762
4.95092898607254
4.856587797403336
5.000000596046448
5.0
4.999999850988388
4.998379200696945
2.874099761247635
2.7799800224602222
5.0
4.965188354253769
4.9941834807395935
4.926025867462158
4.9626003205776215
4.110938608646393
5.000000596046448
4.455510526895523
4.669128358364105
4.924194812774658
4.677337557077408
3.308030664920807
4.956109672784805
3.283332735300064
5.0
4.872258305549622
4.0812113881111145
3.800424486398697
4.292170405387878
4.976605772972107
4.853609502315521
5.0
4.7298237681388855
4.874054193496704
4.839542657136917
4.993147999048233
4.067409336566925
4.964697062969208
4.9630290269851685
4.717194139957428
4.510551989078522
3.121657371520996
4.775392860174179
4.281513690948486
4.999999850988388
5.0
4.91164043545723
5.000000298023224
4.871155768632889
4.445985853672028
4.033812880516052
4.597109854221344
4.72293496131897
4.960139244794846
4.7447943687438965
4.88313153386116
4.379301816225052
5.000000596046448
4.864170253276825
5.000000298023224
4.648436903953552
4.504676163196564
4.258904159069061
4.421941041946411
5.0
4.169819355010986
4.671322703361511
4.803829193115234
4.985887855291367
4.651611745357513
4.0811315178871155
4.157736897468567
4.803218245506287
4.9215468764305115
2.9307274892926216
4.925099760293961
4.999999850988388
4.931155294179916
4.8922644555568695
4.137676954269409
4.9854812026023865
4.8904114961624146
4.5665112137794495
4.252818673849106
4.9112725257873535
4.752628207206726
4.895067512989044
4.745266437530518
4.984582960605621
4.907291829586029
5.0
4.95490700006485
5.000000298023224
5.0
4.932746887207031
5.0
2.7931080758571625
4.731610417366028
4.72461998462677
4.800874590873718
4.944780021905899
4.81995016336441
4.421165585517883
4.333310127258301
4.981354773044586
4.959836006164551
4.9161383509635925
4.950256794691086
3.9712077379226685
5.000000298023224
3.287172019481659
4.9975234270095825
4.9840739369392395
4.123977571725845
4.890638589859009
4.339582622051239
4.908663034439087
4.6321801841259
3.3297012746334076
4.907900840044022
4.854230135679245
4.891362488269806
4.876421093940735
4.933907836675644
4.00837630033493
4.988610744476318
4.711623340845108
4.813323020935059
4.972269833087921
2.9991215467453003
3.173254579305649
4.498462080955505
4.685999751091003
4.353990405797958
4.782533198595047
4.896797686815262
4.60091769695282
4.399845600128174
4.864764511585236
4.983375519514084
4.966081380844116
3.932613432407379
4.858879595994949
4.879159182310104
4.8616138100624084
4.968346804380417
3.98546040058136
4.712990820407867
3.511519283056259
5.0
4.975585788488388
5.000000298023224
4.948724955320358
3.158639967441559
4.602934420108795
5.000000298023224
4.681311845779419
4.76983904838562
3.6926323920488358
4.831846654415131
3.7685075402259827
4.459216743707657
4.855063408613205
4.8537880182266235
4.719749689102173
4.96991753578186
4.316880404949188
5.000000596046448
4.806072562932968
4.922367483377457
4.957967698574066
4.9860334396362305
4.8703500628471375
3.0734409391880035
4.712664783000946
4.985144138336182
5.000000596046448
4.051910042762756
4.999999701976776
4.921873211860657
5.0
4.834128022193909
5.000000298023224
4.13494735956192
4.509146213531494
4.228358417749405
4.746811389923096
4.921070039272308
4.746335744857788
4.692113697528839
4.601632654666901
4.6952322125434875
4.851323366165161
4.986604154109955
4.8075659573078156
4.95004415512085
4.863504767417908
4.766055047512054
4.269581437110901
4.2644840478897095
4.833735078573227
4.951955229043961
4.88260492682457
4.903266876935959
4.849609136581421
4.830606430768967
5.0
4.92798775434494
5.000000596046448
4.9568092823028564
4.77094903588295
4.954436421394348
5.000000298023224
4.790394306182861
4.970843493938446
4.985673874616623
4.817798733711243
4.939129203557968
4.28706020116806
2.878204509615898
4.930098056793213
2.8752242401242256
4.876188784837723
5.0
4.865570664405823
4.963135123252869
4.922679215669632
4.9432456493377686
2.9137980192899704
4.721350371837616
4.819775074720383
5.0
4.93451863527298
4.728444814682007
4.682301580905914
4.8935167491436005
4.84115406870842
5.000000596046448
4.79608029127121
4.694983065128326
4.64287206530571
4.539515674114227
5.000000596046448
2.809439543634653
4.893553406000137
4.834172278642654
4.724595099687576
5.000000298023224
4.922344386577606
3.9370179176330566
3.636575937271118
4.670879691839218
4.708091765642166
4.156692922115326
4.729549884796143
4.964894652366638
2.8983937948942184
4.253967106342316
4.8613569140434265
4.710293710231781
4.8256716132164
5.000000596046448
3.878812789916992
3.9331692457199097
4.295033812522888
5.0
4.959464520215988
5.0
4.555088579654694
5.0
4.610956907272339
4.516071975231171
4.875579923391342
4.509559720754623
3.478662222623825
4.927345812320709
4.962083548307419
4.658184051513672
5.0
4.770955294370651
4.913372099399567
5.000000298023224
4.938850104808807
3.58263798058033
3.6969146132469177
4.872008860111237
3.009789139032364
4.512400776147842
4.993507564067841
4.907447844743729
4.126782715320587
5.0
4.916267395019531
4.758543223142624
4.843751490116119
4.808065742254257
4.932460337877274
4.781467020511627
4.730688035488129
5.000000298023224
4.505644738674164
4.143595844507217
4.814405292272568
4.797098636627197
4.935045689344406
4.995743036270142
4.693189859390259
2.827700302004814
4.818468540906906
4.999999701976776
2.7157245576381683
3.992902934551239
4.767208993434906
4.7831422090530396
3.7692084908485413
4.915589243173599
4.963738173246384
4.613725244998932
4.348962903022766
4.775063693523407
4.183872044086456
5.000000298023224
4.467945694923401
4.8438650369644165
4.897068738937378
4.7891852259635925
4.954008758068085
4.572441279888153
4.840084612369537
4.898257851600647
4.75751131772995
3.278326839208603
4.777792394161224
4.71144363284111
5.000000298023224
3.861965537071228
4.945191442966461
4.94416356086731
4.914642572402954
4.765986800193787
4.683915674686432
5.0
4.974793046712875
4.831478148698807
4.8552922904491425
2.827141359448433
5.0
4.821849167346954
4.84747514128685
4.142508506774902
4.6627917885780334
4.277269393205643
4.865537136793137
5.0
4.9818155169487
3.3523210883140564
3.11018206179142
5.0
5.0
4.99619722366333
4.465864896774292
4.824477434158325
4.558532387018204
5.0
4.450525939464569
4.894321858882904
4.770954847335815
3.861202895641327
4.771075248718262
4.999999850988388
4.992813766002655
4.624419212341309
4.96770367026329
4.971614480018616
4.947843551635742
4.975237101316452
4.590237885713577
4.613219201564789
5.000000298023224
4.867418259382248
2.690276764333248
4.613039195537567
4.746437668800354
4.394216239452362
5.0
4.910681843757629
4.558074474334717
4.787781536579132
4.937158226966858
4.8801252245903015
4.908308386802673
4.503711462020874
4.945469945669174
4.894538074731827
4.055645614862442
4.699817001819611
3.3332353830337524
5.000000596046448
4.907439798116684
4.9368175864219666
4.984794706106186
4.995749890804291
4.955630898475647
4.945468753576279
2.81197901815176
4.255398213863373
5.0
5.0
4.586698561906815
5.0
4.962642043828964
4.809536337852478
4.5240795612335205
4.747830927371979
5.000000298023224
2.468577865511179
4.833970069885254
4.502001255750656
4.783323407173157
4.904038310050964
4.245380759239197
4.859078526496887
4.659630209207535
2.838958352804184
