4.660479426383972
4.993469417095184
5.0
4.116800129413605
4.404701888561249
4.747036695480347
4.999999701976776
4.981387704610825
3.7572136521339417
4.594023376703262
4.520701020956039
4.798559248447418
4.821203052997589
3.366789072751999
4.994674324989319
4.5284828543663025
4.322304576635361
4.863225817680359
4.98443603515625
4.823661297559738
4.9844664335250854
4.94815856218338
2.700652554631233
4.7250184416770935
3.201492577791214
4.874128550291061
4.993081092834473
4.277382791042328
4.731386303901672
4.463614523410797
4.763099104166031
4.923333525657654
4.661511033773422
4.780155569314957
3.629259020090103
4.8591166734695435
4.958343803882599
4.990953058004379
4.95102658867836
4.100970476865768
4.965409636497498
4.499999582767487
2.7149855718016624
4.760612845420837
4.871171861886978
4.915875941514969
4.6133919060230255
4.991584420204163
3.682766705751419
2.8850235417485237
4.798029661178589
5.000000596046448
4.7358205914497375
4.928809553384781
4.583342671394348
4.179296791553497
4.327123612165451
4.559974819421768
4.7753384709358215
4.984745234251022
4.884369373321533
4.873739033937454
4.894070476293564
4.888489991426468
4.893999546766281
4.735521674156189
4.916816353797913
4.347379803657532
4.721052646636963
4.856145083904266
4.406074285507202
4.74930465221405
3.365250378847122
4.807932674884796
4.2960424721241
5.0
4.939214140176773
4.6908193826675415
4.659355282783508
4.544647932052612
4.902219325304031
5.000000298023224
4.871171861886978
4.616323113441467
4.7350117564201355
4.956429898738861
4.15459007024765
4.769347161054611
4.577096998691559
4.737401902675629
4.979477971792221
4.997490793466568
5.000000298023224
4.741943776607513
3.4434732794761658
4.713447988033295
4.59519237279892
4.163326621055603
4.117777794599533
4.871065616607666
4.771312475204468
4.786421358585358
4.679475128650665
4.529781192541122
4.173968136310577
4.971121698617935
3.922487199306488
4.744724333286285
4.969826340675354
4.720899760723114
4.988028705120087
4.719082713127136
4.889076352119446
5.0
4.888489991426468
4.746003150939941
4.9817392230033875
3.810751736164093
4.956050217151642
4.950418174266815
4.948753714561462
4.912066608667374
4.862482398748398
4.83042985200882
4.8300765454769135
4.926677495241165
4.976773262023926
4.964529573917389
4.764693975448608
4.677065908908844
4.949052631855011
4.844629168510437
4.925900846719742
3.82866770029068
2.7029223926365376
4.4748421013355255
4.5381805300712585
4.921915382146835
4.969864338636398
4.7521474957466125
4.9764494597911835
4.620049893856049
4.826168268918991
4.698091298341751
3.6280108988285065
4.943584203720093
5.0
4.498926252126694
4.712591171264648
4.912793785333633
4.906030595302582
4.950334280729294
4.606304168701172
4.873489588499069
4.808960556983948
4.1873301565647125
4.5544324815273285
4.860702306032181
4.938854426145554
3.527725115418434
4.763937294483185
5.000000298023224
4.807604998350143
4.514064639806747
4.947561472654343
4.965256750583649
5.0
4.903728514909744
4.81913149356842
3.1863179802894592
3.8794922828674316
4.172897189855576
4.572787880897522
4.853037595748901
4.969412088394165
4.524567425251007
4.836037904024124
4.464105665683746
4.990933537483215
4.974697828292847
4.9815718829631805
4.906603991985321
4.975439161062241
4.894891977310181
4.000403583049774
4.9671949446201324
4.842386990785599
4.986739903688431
4.215577244758606
4.4959428906440735
4.849882125854492
4.136446118354797
2.668183855712414
3.835103213787079
4.463459998369217
4.717768132686615
4.950970411300659
4.9266767501831055
4.688360095024109
5.0
4.529639780521393
4.896559417247772
3.1214075908064842
4.374549984931946
4.330638498067856
3.092176355421543
4.964255392551422
3.6663512140512466
4.528558105230331
4.6978843212127686
4.807427525520325
5.000000596046448
4.644173979759216
4.609851837158203
4.952223896980286
4.942382276058197
4.562853276729584
4.348106533288956
2.815038487315178
4.448468834161758
4.949930012226105
4.175257980823517
4.732888787984848
4.308266788721085
3.6821909993886948
4.8667290806770325
4.675282537937164
2.71312503144145
4.5556023716926575
4.079352170228958
4.91789311170578
4.785588085651398
3.5966530442237854
2.60925006121397
4.83013778924942
3.3697856962680817
4.689723253250122
4.990792125463486
4.864505380392075
5.0
4.982894659042358
5.0
4.7593410313129425
4.565162360668182
5.000000298023224
4.972870349884033
4.464202374219894
4.845955967903137
4.815592169761658
4.810095727443695
4.896445870399475
4.853362292051315
4.803544133901596
4.735142886638641
4.703563451766968
3.332850858569145
4.346741139888763
3.7440116703510284
4.893999546766281
4.242139458656311
4.937910437583923
4.995886534452438
4.756484180688858
5.000000298023224
4.860320091247559
2.96692430973053
4.972408264875412
4.657733142375946
4.921645224094391
4.892399907112122
5.0
4.882629960775375
4.73041832447052
4.484086185693741
4.114760756492615
4.387107640504837
5.0
4.994848370552063
4.056460857391357
4.862550497055054
4.7628021240234375
4.44373145699501
4.914165586233139
4.515961408615112
4.928397089242935
4.749369770288467
4.765613377094269
4.999999701976776
4.9113573133945465
4.0127067267894745
2.48170449398458
4.880162179470062
3.3724352717399597
4.934419393539429
4.352669566869736
4.856584668159485
5.000000298023224
4.6949610114097595
3.209143728017807
4.218199849128723
4.758440554141998
4.885306507349014
4.68014270067215
4.9969372153282166
4.492970407009125
4.897495806217194
4.422766268253326
4.899163246154785
4.675587713718414
4.783376157283783
4.7350117564201355
4.358478486537933
4.7052305936813354
4.963546395301819
4.726173579692841
4.364916980266571
4.41184788942337
4.477382302284241
4.686462879180908
4.7323912382125854
4.463725239038467
4.693063199520111
4.383431375026703
4.728475362062454
4.608665853738785
4.920729696750641
4.701772034168243
4.626197516918182
4.913692772388458
4.801734685897827
4.700447171926498
2.952207326889038
4.388366937637329
3.0207806825637817
4.80061262845993
3.945583999156952
4.987906962633133
4.8227207362651825
4.189868867397308
2.852812185883522
4.6767458319664
4.44265216588974
4.58792969584465
4.748940020799637
5.0
3.6974619328975677
5.0
4.955872595310211
4.856944680213928
4.800161123275757
4.539105296134949
5.0
4.8397839069366455
4.906702041625977
4.768910706043243
4.609381258487701
4.993257224559784
5.000000298023224
4.742814898490906
4.191620051860809
4.618088603019714
4.598386734724045
3.075571730732918
3.9473162591457367
4.854412376880646
4.986756145954132
4.617687165737152
5.000000298023224
4.729912132024765
4.933588802814484
4.984899163246155
3.76414030790329
3.931896686553955
4.79045182466507
4.896056056022644
4.822121560573578
4.526645839214325
5.0
4.518835246562958
4.949928373098373
4.973404109477997
4.985298067331314
4.607369303703308
4.545270502567291
4.890236556529999
2.593320645391941
4.825587272644043
4.931656569242477
4.500575065612793
4.8237743973731995
4.969490468502045
4.871267378330231
4.540392458438873
4.9638935923576355
4.280272126197815
4.683383107185364
4.942939877510071
4.767108261585236
4.4353219866752625
4.9205270409584045
2.703108973801136
4.974839389324188
4.987908750772476
4.988822937011719
4.068280607461929
4.871065616607666
4.979386329650879
4.874449372291565
4.220350533723831
4.83846440911293
4.700768291950226
4.138550311326981
4.971484839916229
4.893881380558014
4.143287539482117
4.651841521263123
4.879296720027924
4.983358830213547
4.765858054161072
4.824916869401932
4.570343792438507
4.792494177818298
5.0
4.999999850988388
4.72859188914299
4.206392616033554
4.209100008010864
4.697063565254211
5.000000596046448
4.690572172403336
4.929007440805435
4.955872595310211
4.985991567373276
4.960529953241348
4.566240906715393
4.916684925556183
4.281962215900421
4.7277384996414185
4.797441810369492
4.988311380147934
3.285783678293228
4.999999850988388
4.946388900279999
4.826564192771912
4.766818434000015
4.885412752628326
4.4709742069244385
4.13312703371048
4.919252395629883
3.1271912157535553
4.047784209251404
4.919415712356567
3.3627134561538696
4.9041324853897095
4.477382302284241
4.640270471572876
4.919863343238831
4.307596385478973
5.0
3.8892631232738495
4.935149252414703
4.999999701976776
4.83013778924942
4.556891918182373
4.905650317668915
4.880162179470062
4.804085195064545
4.948995262384415
4.738390147686005
4.9880728125572205
4.713581204414368
3.574031740427017
4.810214638710022
4.955979883670807
2.854529172182083
4.3881756067276
4.55356627702713
4.9341098964214325
4.85557496547699
4.999999850988388
4.614609628915787
4.635191708803177
4.262807667255402
4.758912920951843
4.258671700954437
4.513935893774033
4.756565690040588
5.000000596046448
4.875057488679886
4.838728606700897
3.9863069355487823
4.7600822150707245
4.149920642375946
4.928804785013199
4.967830181121826
4.597371220588684
4.60875540971756
5.000000596046448
3.1167566776275635
4.970966577529907
5.000000298023224
4.911067485809326
4.999999850988388
4.837222993373871
4.983755648136139
4.718974530696869
4.786388278007507
4.963049292564392
4.817029535770416
4.724354147911072
4.956722855567932
4.98546376824379
4.492871016263962
4.805273413658142
4.7901807725429535
4.925900846719742
4.7607409954071045
4.850223362445831
4.349304586648941
4.888134151697159
4.910825341939926
4.512529969215393
4.966183751821518
4.930657595396042
4.791585803031921
4.768198728561401
4.559991210699081
4.940041601657867
3.045935295522213
4.729481935501099
4.925251007080078
4.88874688744545
4.349491894245148
3.255186080932617
4.647989869117737
5.0
4.966157078742981
4.529625475406647
4.434569776058197
4.783100783824921
4.955377131700516
4.928654134273529
4.790994822978973
4.958514869213104
4.901605546474457
4.70298707485199
4.348222613334656
4.942714869976044
4.621298462152481
4.622937440872192
4.796523004770279
3.46079021692276
4.935722649097443
4.997202455997467
4.075457453727722
4.963074028491974
4.953128099441528
4.901857674121857
4.885054528713226
4.983955919742584
4.859230667352676
4.792183935642242
4.759543538093567
4.606209397315979
5.0
4.55939918756485
4.652009308338165
4.957563579082489
4.905649721622467
4.9778057634830475
4.627234637737274
4.953091740608215
4.681514203548431
4.911098927259445
4.920032322406769
4.960075467824936
4.513189047574997
4.4773149490356445
3.9223752915859222
5.000000298023224
4.651468992233276
4.999999850988388
4.804733842611313
4.5553892850875854
4.960952699184418
4.587924480438232
4.484035074710846
4.801625311374664
5.0
4.74353700876236
4.8634375631809235
4.361390471458435
4.945204257965088
4.9150703847408295
4.221312701702118
4.557523727416992
4.344751238822937
4.967131316661835
4.687840044498444
4.920511543750763
4.446931481361389
4.532992243766785
5.000000298023224
4.224283844232559
5.000000596046448
4.508415311574936
3.824508935213089
4.693027436733246
4.928845763206482
4.932161122560501
4.89565446972847
4.489485174417496
3.919863700866699
5.0
4.544444531202316
3.758205324411392
4.937227368354797
4.157372415065765
4.802401661872864
4.813223481178284
4.98213529586792
4.687665402889252
4.9220433831214905
4.975679367780685
4.675889313220978
4.72802922129631
4.879308342933655
4.477002024650574
4.926633834838867
4.744132906198502
4.882359057664871
5.000000596046448
5.0
4.159693121910095
4.175257980823517
5.000000596046448
4.8523059487342834
4.218823313713074
3.993176221847534
3.605920672416687
4.870300740003586
3.015630692243576
4.4306680560112
4.229898899793625
4.767503142356873
4.608132541179657
4.772188663482666
4.440303444862366
3.9501571655273438
4.737984240055084
5.0
4.686462879180908
3.8100045919418335
4.962183386087418
4.92971658706665
4.589613676071167
4.989589899778366
4.999999850988388
4.881316125392914
4.97565895318985
4.639013409614563
4.8213934898376465
4.724421948194504
4.770365357398987
3.9750507473945618
4.489485174417496
4.278165251016617
4.88108217716217
4.905997216701508
4.996767491102219
4.486910402774811
5.000000298023224
4.947999268770218
4.953725039958954
4.280272126197815
5.000000298023224
4.384362101554871
3.2008181512355804
4.894339740276337
2.793688550591469
5.0
4.660328924655914
4.965409636497498
3.005329966545105
4.107754677534103
4.405768811702728
3.318706229329109
4.7083017230033875
4.982471019029617
4.837979972362518
3.9409221708774567
4.151070713996887
4.874303936958313
4.975626319646835
4.309578835964203
4.9150219559669495
4.908336699008942
5.000000298023224
3.9595918357372284
4.740758091211319
4.635030776262283
5.0
4.865541905164719
4.366125762462616
4.182358384132385
4.966474175453186
4.823920428752899
4.569409489631653
4.874100089073181
4.819058477878571
4.573214799165726
4.944886118173599
4.998258948326111
4.345528185367584
4.536137282848358
4.969210624694824
5.0
4.8009297251701355
4.871874451637268
4.839747250080109
3.934357613325119
4.828362911939621
3.6904777586460114
4.500149190425873
4.526556134223938
4.990009665489197
4.962616264820099
4.000403583049774
4.443656504154205
4.849769324064255
4.974280446767807
2.685843128710985
4.106778502464294
4.866386950016022
4.96128723025322
2.737420406192541
4.48644682765007
4.9590495228767395
2.895805537700653
4.865914583206177
3.8464854657649994
4.908336699008942
4.933138340711594
4.310463070869446
4.9784767627716064
4.463269859552383
5.000000596046448
4.880329668521881
4.790965020656586
4.999999701976776
4.847967326641083
4.748664498329163
4.8311348259449005
4.118618220090866
4.715747386217117
4.826564192771912
4.855336844921112
4.882237911224365
4.2364302277565
4.991584420204163
4.785251021385193
4.974920749664307
4.803263396024704
4.8951755464077
4.261960089206696
4.744829386472702
4.832224398851395
4.8506686091423035
4.795432090759277
4.982128590345383
4.952208697795868
3.3697856962680817
4.900974929332733
4.841592311859131
4.286004155874252
4.88082081079483
4.117599725723267
4.690985381603241
4.885856509208679
4.9800050258636475
4.717837870121002
4.943782985210419
4.968682378530502
5.0
5.0
4.304153770208359
4.098182767629623
4.735202789306641
4.1895125806331635
4.721313416957855
5.0
4.793908894062042
2.9469146952033043
4.849995821714401
4.885381460189819
4.256702214479446
4.646570682525635
4.979396164417267
4.908387660980225
4.959273338317871
4.634971022605896
4.889414310455322
4.988671541213989
4.606209397315979
4.988433420658112
4.864761531352997
2.6953529566526413
4.854579567909241
4.666634202003479
3.007178269326687
4.978122413158417
5.000000298023224
4.999999850988388
3.177327811717987
4.940628558397293
4.422876238822937
4.999999701976776
4.783227890729904
4.846275746822357
4.346296638250351
3.685790002346039
2.8795961663126945
5.000000596046448
4.959667772054672
4.792340248823166
4.905111640691757
4.610216319561005
4.831639528274536
5.0
4.7212256491184235
4.825057089328766
4.894012957811356
4.856637865304947
4.877978563308716
4.820694327354431
4.897273033857346
4.8667290806770325
5.000000596046448
4.907699823379517
4.783100783824921
4.646650552749634
4.929420351982117
4.929414093494415
4.885222017765045
4.962997734546661
3.969464898109436
4.694568514823914
4.69671905040741
4.884452670812607
4.644506424665451
3.9810271561145782
4.7722987830638885
5.0
4.841298758983612
4.917507767677307
4.838600158691406
4.976309239864349
4.990054965019226
4.464202374219894
4.412064552307129
5.000000298023224
4.395035803318024
3.900882601737976
4.424852430820465
4.908440113067627
5.000000596046448
4.948467314243317
4.009893238544464
4.382810592651367
4.7993190586566925
4.474552869796753
4.981139600276947
4.820931851863861
4.974311590194702
4.931419491767883
4.684554040431976
4.431367963552475
4.393857717514038
4.965639710426331
4.398675858974457
4.270689785480499
4.852053076028824
4.803544133901596
2.582190204411745
4.90080714225769
4.932107925415039
4.986785054206848
4.911144524812698
4.999999850988388
4.999999552965164
4.675889313220978
4.651468992233276
4.792867451906204
4.824916869401932
4.834755063056946
4.954117834568024
4.971073269844055
4.778270572423935
4.892764091491699
4.967953860759735
4.572157710790634
4.976174384355545
4.990419149398804
4.91316944360733
4.39059242606163
4.518655985593796
4.404341280460358
4.786950945854187
5.0
4.807825982570648
4.8870545625686646
5.000000596046448
2.8088313341140747
4.869168549776077
4.3362995982170105
4.207249581813812
4.428199380636215
3.0488962307572365
4.839969575405121
4.564361274242401
4.576748311519623
4.852620959281921
4.9390095472335815
4.94941383600235
4.588332921266556
2.963760495185852
4.979982674121857
4.395267367362976
2.777134031057358
4.888861030340195
4.6374525129795074
4.724454879760742
4.657089710235596
4.599237740039825
2.913608141243458
4.569757878780365
4.719469845294952
4.999999403953552
4.385717511177063
4.981497526168823
3.055628426373005
4.919415712356567
4.647226184606552
4.6894870698452
4.893152117729187
4.8158106207847595
4.732634127140045
4.969468414783478
4.863300770521164
2.9381434619426727
4.995875656604767
2.547347149811685
4.737314134836197
5.0
5.0
5.0
4.767503142356873
4.558570832014084
4.182358384132385
4.980747699737549
4.558027386665344
4.920312613248825
4.451616704463959
4.7653622925281525
2.7238446660339832
4.701773226261139
4.67141181230545
4.8451149463653564
4.812445491552353
4.896727204322815
4.658734202384949
5.000000298023224
4.309509098529816
4.786206483840942
4.602512419223785
4.166643917560577
4.783770740032196
5.000000298023224
4.286620318889618
4.77042630314827
5.0
4.9774473905563354
4.89009365439415
4.632467031478882
4.80125367641449
4.91818904876709
4.343046844005585
4.447324275970459
2.9319360107183456
4.990490823984146
3.160727173089981
3.3416524529457092
4.069722294807434
4.925251007080078
3.687136620283127
4.8939017951488495
4.711199402809143
4.836854338645935
3.5618475824594498
4.104810357093811
4.870918095111847
4.969996213912964
5.0
4.74356546998024
4.510075002908707
4.849417209625244
4.802253842353821
4.6080780029296875
4.947795569896698
4.821359366178513
4.412064552307129
5.000000298023224
4.994699060916901
4.1551050543785095
4.765343815088272
4.487255811691284
4.494605362415314
4.585331231355667
4.786536246538162
4.922809898853302
2.4959036987274885
4.890294373035431
4.619448184967041
4.059439599514008
4.492871016263962
4.367499947547913
4.700279086828232
4.398133754730225
4.8993003368377686
4.878881573677063
4.268832355737686
4.477697014808655
4.339475333690643
4.760023057460785
4.945832341909409
3.2569600641727448
4.983532428741455
4.9961864948272705
4.9031490087509155
3.9231543242931366
4.661189317703247
4.914799928665161
4.4836366176605225
4.990341067314148
4.82803612947464
4.568144083023071
4.98232901096344
4.957946240901947
4.7250184416770935
4.682229459285736
4.944775104522705
4.488077163696289
4.665281176567078
4.873825013637543
4.6290746331214905
5.000000298023224
4.447746276855469
3.010181002318859
4.295315742492676
4.444401264190674
4.87296462059021
4.163326621055603
4.77227047085762
4.508415311574936
4.679475128650665
3.9810776710510254
4.992128014564514
4.987091571092606
5.000000298023224
2.6080649346113205
4.999999850988388
4.853692501783371
4.8192524909973145
4.713539183139801
4.711044728755951
4.900974929332733
4.924938827753067
4.735969603061676
4.865657091140747
4.250184595584869
4.063683301210403
4.935551732778549
4.754209518432617
4.7277384996414185
5.000000298023224
4.889801740646362
4.838449954986572
5.000000596046448
4.805430918931961
4.999999701976776
4.717637896537781
4.623126685619354
4.861078262329102
4.505760669708252
4.893266409635544
5.000000596046448
4.695827662944794
4.972704499959946
4.994699060916901
4.947185814380646
5.0
4.9375757575035095
4.741449952125549
4.770365357398987
4.669414609670639
4.642615616321564
4.758205413818359
4.854221194982529
4.213465750217438
4.634837955236435
4.596841931343079
4.852062463760376
5.000000298023224
4.516528844833374
4.094026833772659
4.898996651172638
4.932637810707092
4.974839389324188
4.999999701976776
3.273584246635437
4.876384437084198
4.8973193764686584
4.957212805747986
3.468129336833954
4.8742324113845825
4.616323113441467
4.771312475204468
4.991706609725952
4.728841632604599
4.939031898975372
4.702427685260773
4.543740600347519
5.0
4.732888787984848
4.596841931343079
5.000000596046448
2.325540669262409
4.754209518432617
4.1794610023498535
3.9073875546455383
4.075457453727722
4.852116405963898
4.14097860455513
4.790134131908417
4.908309876918793
4.96312752366066
4.393915832042694
4.999999850988388
4.902157187461853
4.906702041625977
4.172223657369614
3.492032289505005
2.8130633011460304
4.8784297704696655
4.21229749917984
4.744607508182526
4.917277097702026
4.880263656377792
4.920884370803833
3.8879959285259247
4.978986233472824
4.720627665519714
4.999999701976776
4.892764091491699
4.423622488975525
4.337241351604462
4.786514937877655
4.6080780029296875
3.928614854812622
4.443656504154205
4.944865703582764
3.9048047363758087
4.703563451766968
4.787387549877167
4.985746592283249
2.467319704592228
4.307596385478973
4.971484839916229
5.000000298023224
4.452948570251465
4.555215537548065
4.958068877458572
5.0
4.89009365439415
4.623126685619354
4.882936626672745
4.856630563735962
4.62266743183136
4.949839562177658
4.646219909191132
3.0488962307572365
4.567330479621887
4.977352023124695
5.000000596046448
4.999999850988388
4.565151482820511
4.779985696077347
4.839747250080109
4.866145849227905
4.952429234981537
4.796992838382721
4.574182033538818
4.865298122167587
4.9894192814826965
4.5897650718688965
3.0549730733036995
4.692343473434448
4.925229847431183
4.622678458690643
4.654388874769211
4.555375874042511
4.253911226987839
4.477697014808655
4.900820255279541
4.845154583454132
4.819058477878571
5.000000596046448
4.999999701976776
5.000000298023224
4.758912920951843
4.817221760749817
4.833403527736664
4.441789090633392
4.8756445944309235
4.395035803318024
4.898339509963989
4.959040284156799
4.95259016752243
4.9213144183158875
4.784972369670868
5.000000298023224
4.779565632343292
4.835776686668396
4.323173314332962
2.8868473693728447
4.824869483709335
5.0
4.744666367769241
4.36867892742157
4.6619561314582825
4.343725740909576
4.42747175693512
4.978407770395279
4.5395830273628235
3.167627602815628
4.974319934844971
4.635191708803177
4.964492619037628
3.656197190284729
4.999999850988388
4.8717305064201355
4.98557060956955
4.118846505880356
4.871405512094498
4.477085769176483
4.995244145393372
4.909781366586685
4.808003455400467
4.785221815109253
4.192236363887787
4.896122515201569
4.909475147724152
4.358478486537933
4.807488322257996
3.8017767667770386
4.802669435739517
4.778951108455658
4.2015440762043
4.82289046049118
4.494270086288452
4.483979642391205
4.737984240055084
4.430243670940399
4.931245893239975
4.718649983406067
3.9727048575878143
4.8195913434028625
4.996421933174133
4.104810357093811
4.909001886844635
3.5778510570526123
4.623169004917145
4.54495370388031
4.786474853754044
4.978711009025574
4.873263239860535
2.6782846823334694
4.862186461687088
3.8986147940158844
4.050364047288895
4.34108629822731
4.983676075935364
4.758440554141998
4.596434235572815
5.000000298023224
4.038703888654709
4.918624609708786
3.9247098565101624
4.497688710689545
4.1531409323215485
4.878927022218704
4.932476729154587
4.905913472175598
4.346491098403931
4.983635246753693
4.382810592651367
4.558570832014084
4.731386303901672
4.86868143081665
4.444401264190674
4.852879643440247
3.223317265510559
4.91368442773819
4.762582778930664
5.000000298023224
4.731297791004181
4.985470771789551
4.924010634422302
4.518866091966629
4.6464502811431885
4.906833916902542
4.796296954154968
4.26972821354866
5.0
4.80468213558197
2.7226070314645767
4.953798949718475
4.790955632925034
4.994379878044128
4.93936687707901
4.90776464343071
4.202443063259125
4.644506424665451
4.963074028491974
4.349559843540192
4.935970902442932
4.663061797618866
5.0
4.674705266952515
4.936243295669556
4.926261603832245
4.284476190805435
3.155641108751297
4.757980704307556
4.87691342830658
4.614102095365524
4.724354147911072
4.537094533443451
3.4572243690490723
4.946030676364899
4.7729648649692535
3.605920672416687
4.99783381819725
4.32861715555191
4.962983876466751
5.0
3.8688749074935913
4.9199700355529785
4.607369303703308
5.0
4.5041148364543915
4.934042543172836
4.735202789306641
4.7446805238723755
4.969848394393921
4.717154651880264
4.934217929840088
4.8467084765434265
3.3792108297348022
4.654388874769211
4.987090826034546
4.9278876185417175
4.960529953241348
4.871334433555603
4.849112033843994
4.981768727302551
4.983873069286346
4.737314134836197
4.902692437171936
2.7956082485616207
4.96664434671402
5.0
4.64754194021225
4.814279526472092
4.9565620720386505
3.6272865533828735
4.254856705665588
5.000000298023224
4.987908750772476
4.7198286652565
4.731306880712509
5.000000596046448
4.854505807161331
4.895793944597244
2.983820103108883
5.000000298023224
5.0
4.905175864696503
4.925867021083832
4.959803521633148
4.451616704463959
5.000000298023224
4.087901711463928
4.872756004333496
4.590080231428146
4.887784719467163
5.000000596046448
4.927545934915543
4.905803203582764
4.253911226987839
4.9304379522800446
4.837422072887421
3.796204924583435
4.653254598379135
4.716417193412781
4.64172899723053
4.892088025808334
4.9549755454063416
4.811883270740509
2.3279129154980183
4.621521234512329
4.7901807725429535
4.91316944360733
4.675282537937164
4.327967166900635
5.0
4.636577367782593
4.972582757472992
4.488292634487152
4.753978401422501
4.9375757575035095
4.94301825761795
4.765810072422028
4.010065495967865
3.4277744591236115
4.748600721359253
4.981451034545898
4.5284828543663025
4.497688710689545
4.688485115766525
4.999999850988388
4.580794870853424
4.6959227323532104
4.914669692516327
4.060574620962143
3.957521617412567
4.931656569242477
2.3477524146437645
4.7665634751319885
4.9904027581214905
5.000000298023224
4.974241852760315
4.8776863515377045
4.68523770570755
4.692343473434448
4.970759153366089
4.636577367782593
4.700768291950226
4.036592543125153
4.876446425914764
4.281415641307831
4.9961864948272705
4.019502401351929
3.7466424703598022
4.984104037284851
2.741014175117016
4.514889419078827
4.36899870634079
4.712214022874832
4.572157710790634
4.9220433831214905
4.880414009094238
4.688009321689606
5.000000298023224
4.925878643989563
4.652124345302582
4.963509142398834
4.853594899177551
4.653329253196716
4.533410668373108
4.953050017356873
4.4481295347213745
4.779050946235657
4.801507890224457
4.87827256321907
4.878205507993698
4.831049144268036
4.926677495241165
4.206392616033554
5.0
4.887756407260895
4.792701303958893
4.965716004371643
5.0
5.000000298023224
4.3435269594192505
2.9170094057917595
4.673663079738617
5.0
4.806488454341888
4.812949150800705
5.000000596046448
5.0
5.000000596046448
4.801912009716034
5.000000298023224
4.149551689624786
2.7785320580005646
4.967968761920929
3.9964213967323303
4.963430166244507
4.745349586009979
4.38699409365654
4.920426905155182
4.562853276729584
4.603036344051361
4.70064640045166
4.142358303070068
4.99422013759613
4.982572495937347
4.826928526163101
4.952217489480972
4.987926781177521
5.0
4.9470144510269165
4.826341271400452
4.7374725341796875
4.50459748506546
4.988138973712921
5.0
4.398675858974457
4.927471578121185
4.968292713165283
4.912365674972534
2.719337362796068
3.974335640668869
4.921748340129852
4.999999701976776
4.941723942756653
4.953646212816238
3.824508935213089
4.9044908583164215
4.988596886396408
4.4721658527851105
4.7546206414699554
4.799278974533081
4.841249883174896
3.886744976043701
4.13346529006958
4.999999850988388
4.903807193040848
4.999999850988388
4.352669566869736
5.000000298023224
2.7729049883782864
4.750106632709503
4.757434278726578
4.996511340141296
4.69602644443512
4.985340088605881
3.8598842918872833
3.869350701570511
4.986184686422348
2.9468313604593277
4.90274116396904
4.7916558384895325
4.503518342971802
3.721829652786255
4.056460857391357
4.873825013637543
4.834755063056946
3.3416560292243958
4.073140025138855
4.836099743843079
2.6994449086487293
4.376172423362732
4.992567747831345
4.340749084949493
2.926309034228325
4.871649295091629
5.0
4.642650485038757
5.0
4.638272225856781
5.0
4.9698406457901
4.999999701976776
4.944128394126892
4.467498958110809
4.8614612221717834
4.749785363674164
3.437958061695099
4.804799109697342
4.166350066661835
4.482075721025467
4.697447419166565
4.437158107757568
4.97020423412323
5.0
4.71031591296196
4.700447171926498
4.479555189609528
4.61091160774231
3.8505546748638153
4.191883206367493
2.57985420525074
4.326991140842438
4.952303171157837
3.7041884660720825
4.549729079008102
4.614633619785309
4.8164138197898865
2.9118114337325096
4.847751706838608
5.000000596046448
4.3271660804748535
3.0706478655338287
4.886142164468765
4.999999701976776
4.903571307659149
4.874330461025238
4.988900274038315
4.9370551109313965
4.91244375705719
4.932637810707092
4.889208078384399
4.966830164194107
4.903575927019119
4.908309876918793
4.295771420001984
4.464155733585358
4.803498089313507
4.590820074081421
4.956631064414978
3.991805911064148
4.799447804689407
4.959342777729034
4.504343867301941
4.631163477897644
4.821350574493408
5.0
5.0
3.924199789762497
4.922603368759155
4.907944202423096
5.0
4.883217066526413
4.6560777723789215
4.9770039319992065
4.986195862293243
5.000000298023224
4.793908894062042
4.9123939871788025
4.693063199520111
4.612921625375748
4.8691025376319885
4.927465319633484
4.312925040721893
5.0
4.681733399629593
5.0
4.846275746822357
4.263082444667816
4.455774277448654
4.635656028985977
4.775848984718323
4.828713536262512
4.838712811470032
5.000000298023224
4.997095167636871
4.692944884300232
4.95743602514267
4.981768727302551
4.218199849128723
4.846247434616089
2.909790202975273
2.8209785744547844
4.6913860738277435
4.914313554763794
4.894012957811356
4.3810635805130005
4.821350574493408
4.645800590515137
4.786514937877655
4.88286018371582
4.839712083339691
4.506538808345795
4.975679367780685
4.911925047636032
4.928401857614517
4.8939889669418335
4.8833200335502625
4.9125538766384125
4.422766268253326
4.891553074121475
4.988311380147934
4.931889772415161
4.665281176567078
4.544029533863068
4.976986348628998
4.913674890995026
4.347745031118393
3.013642691075802
4.883280843496323
4.994847774505615
4.9960485100746155
5.0
4.592401385307312
4.816084951162338
4.7871701419353485
4.88757997751236
4.749785363674164
3.7826308608055115
4.856734871864319
4.917163252830505
4.95677262544632
4.916684925556183
4.8939889669418335
4.751747101545334
4.9073293805122375
4.823497533798218
4.768508076667786
3.9750507473945618
5.0
4.474644958972931
4.911805689334869
3.0507507920265198
2.5093797291629016
4.83784556388855
4.928397089242935
4.902249872684479
4.917163252830505
4.8467084765434265
3.939719647169113
4.74356546998024
4.687665402889252
4.93782639503479
4.47205513715744
2.9082906618714333
5.0
5.000000596046448
4.992046654224396
4.560196101665497
4.877642840147018
4.943055510520935
4.670130610466003
4.861857742071152
4.806178510189056
4.799447804689407
2.930481806397438
4.684574007987976
4.724454879760742
4.674860239028931
4.685686379671097
4.816484749317169
4.9463823437690735
4.991085380315781
3.866129070520401
4.388366937637329
4.993692636489868
4.674985408782959
3.791818618774414
4.201627671718597
3.0235369876027107
4.926283806562424
4.988671541213989
4.989989399909973
4.781166315078735
4.696877896785736
4.72859188914299
4.592204391956329
4.543740600347519
3.556991368532181
4.950392246246338
4.7458988428115845
4.627234637737274
4.808426797389984
4.826117157936096
4.917608201503754
4.999999850988388
4.971708357334137
3.8127173483371735
4.6495601534843445
4.583060145378113
4.718649983406067
4.5657457411289215
4.3431974947452545
4.345350563526154
4.956638216972351
5.000000298023224
4.744132906198502
4.7458988428115845
4.564361274242401
3.226790204644203
4.962983876466751
3.857513815164566
5.0
4.82548862695694
4.979418367147446
3.2365111261606216
4.828423112630844
4.189868867397308
4.467992931604385
4.658799469470978
4.63609978556633
4.825310409069061
4.374059438705444
3.37913379073143
4.75483700633049
4.853362292051315
4.916415810585022
4.124847501516342
4.859230667352676
4.835159480571747
4.985586404800415
4.952736049890518
4.518866091966629
4.89191472530365
4.905918836593628
4.864637851715088
4.418598264455795
4.960952699184418
4.932850152254105
4.70859095454216
4.810183346271515
4.972877204418182
4.93086501955986
4.620999991893768
5.0
4.974984526634216
4.943782985210419
4.6079933643341064
4.713113903999329
4.999999850988388
4.720884263515472
4.113452285528183
5.0
4.857770204544067
4.886016249656677
4.870643615722656
4.2976367473602295
4.774504899978638
4.106778502464294
3.9246389269828796
3.042271062731743
4.929420351982117
4.869369268417358
3.7495869398117065
4.927465319633484
4.051956832408905
4.980296790599823
3.1097156181931496
4.487606585025787
4.61007833480835
4.814279526472092
5.000000298023224
4.776034355163574
4.745349586009979
4.872159361839294
4.193176627159119
4.1767047345638275
4.831049144268036
4.585900008678436
3.408840000629425
4.2224544286727905
4.80364128947258
4.436069428920746
4.964584112167358
4.270689785480499
2.7288963831961155
5.000000596046448
4.882017076015472
4.723667651414871
4.947748184204102
3.9246389269828796
4.723667651414871
3.7480466067790985
4.138141870498657
4.9566322565078735
3.5618475824594498
4.9383410811424255
4.978960156440735
4.950547218322754
4.609759151935577
4.915466755628586
4.8853699862957
4.843504875898361
4.924081861972809
3.82866770029068
4.9687691032886505
4.7543865442276
4.854494780302048
4.937068521976471
5.000000298023224
2.9117900878190994
4.906001091003418
5.0
4.781310558319092
4.856172800064087
4.85498234629631
4.620049893856049
4.740080386400223
4.70638319849968
5.000000298023224
3.8501060009002686
4.43369135260582
4.696046859025955
3.936333507299423
4.487930238246918
4.978042393922806
4.867090433835983
5.000000298023224
4.686753451824188
4.8997242748737335
4.885442554950714
4.737249314785004
3.158302456140518
4.7684445977211
4.6495601534843445
4.964195042848587
4.647843539714813
5.000000298023224
4.936030209064484
4.826117157936096
4.020332396030426
3.150405138731003
4.860957115888596
4.894416034221649
4.9119532108306885
4.7803279757499695
4.732673764228821
4.452948570251465
4.658220112323761
2.8726980835199356
4.30212527513504
4.853089153766632
5.0
4.660588949918747
2.7247607707977295
3.788568079471588
4.7730377316474915
4.656198024749756
4.746046364307404
4.531812369823456
4.631865322589874
4.686208665370941
4.771905243396759
4.699967205524445
4.894804209470749
4.727237820625305
3.6740942299365997
4.977729171514511
4.915852844715118
4.979209005832672
4.1062042117118835
4.748600721359253
5.000000596046448
4.970462471246719
2.9975252598524094
2.607035031542182
4.921748340129852
4.348222613334656
4.9581049382686615
4.3734923005104065
2.6807621121406555
4.968523383140564
4.997122585773468
4.689701497554779
4.412603378295898
5.000000298023224
4.865657091140747
4.689405560493469
4.982554018497467
3.8688749074935913
4.0617436170578
4.051956832408905
4.786385595798492
4.654758870601654
4.871247708797455
3.184145539999008
4.986576437950134
3.022824302315712
4.834194183349609
5.000000298023224
4.435110986232758
4.341382533311844
4.929668754339218
3.8017767667770386
4.747036695480347
4.852430373430252
4.788500964641571
4.617084562778473
4.983887076377869
4.632998555898666
4.625105112791061
4.417043924331665
4.149762690067291
3.918854594230652
4.565584063529968
3.5206617414951324
4.924531579017639
4.826895296573639
4.763059914112091
3.312602788209915
4.837222993373871
4.962784796953201
5.0
4.871906936168671
4.109013229608536
5.000000298023224
4.977168887853622
4.59634855389595
4.885117709636688
5.000000298023224
4.440791606903076
2.644954491406679
3.551599681377411
4.9686044454574585
4.885558187961578
4.8951755464077
3.9699043333530426
4.920526891946793
4.692808836698532
4.7876423597335815
4.913274645805359
2.5426153372973204
4.902616441249847
4.429828226566315
4.610216319561005
5.0
4.423694461584091
4.833349287509918
2.4036588706076145
4.822112023830414
4.9008724093437195
4.9819618463516235
4.767246693372726
4.911282807588577
4.571574330329895
4.392098635435104
4.956429898738861
4.936538189649582
4.77042630314827
5.0
4.795472621917725
2.9805010557174683
5.000000298023224
4.670329988002777
5.000000596046448
4.614102095365524
5.000000298023224
4.993499219417572
4.61068868637085
4.665406197309494
4.351271688938141
4.969412088394165
4.930315017700195
5.000000596046448
4.968233406543732
4.765440821647644
4.822121560573578
5.0
4.897928833961487
4.689723253250122
4.745560884475708
4.747033715248108
4.649103581905365
2.5021243933588266
5.000000596046448
4.71031591296196
5.0
4.685775339603424
4.844629168510437
4.4264523684978485
4.848871827125549
4.9479565024375916
4.985160529613495
3.1374341994524
4.98557060956955
4.794759452342987
4.737249314785004
5.000000596046448
4.662572145462036
4.364617764949799
3.2771728932857513
4.8523059487342834
4.909001886844635
3.3095069229602814
4.999999701976776
4.8327867686748505
4.889543056488037
4.961459636688232
4.852612614631653
4.953277111053467
4.720927476882935
4.727549850940704
4.370316565036774
4.663061797618866
4.8213991522789
3.3705919981002808
4.938087463378906
4.9268218874931335
4.920240789651871
4.781683683395386
4.83409121632576
4.640934318304062
4.908092767000198
5.0
4.983358830213547
3.859413266181946
4.759543538093567
5.000000298023224
4.664658606052399
3.463784158229828
5.000000298023224
2.979794777929783
4.945251792669296
4.969490468502045
3.7362177670001984
4.89565446972847
4.799742698669434
4.864761531352997
4.955499768257141
3.7121839821338654
4.274281859397888
5.000000298023224
3.3845777064561844
4.6222953498363495
4.992074221372604
4.693790525197983
4.59634855389595
4.6560777723789215
4.918139427900314
4.647438824176788
4.651538729667664
4.85921710729599
4.682229459285736
4.91244375705719
4.43369135260582
4.069260209798813
4.8545461893081665
4.314928948879242
4.924446195363998
3.481450155377388
4.902481138706207
4.951293915510178
4.837610274553299
5.000000298023224
4.955414235591888
4.946523606777191
4.63321179151535
4.327123612165451
4.962278604507446
4.15459007024765
4.136842787265778
4.977168887853622
4.458622634410858
4.97851088643074
4.612188935279846
4.442172646522522
4.752514064311981
4.441642463207245
4.797503352165222
4.4386230409145355
4.824323058128357
4.769879877567291
4.926236569881439
4.915167838335037
5.000000298023224
4.978210031986237
2.8783539682626724
5.0
4.9602895975112915
4.692944884300232
4.681768119335175
4.857770204544067
4.666634202003479
4.802546054124832
4.860764741897583
4.773379564285278
4.119156748056412
3.4632259607315063
4.5751067996025085
2.6521779783070087
4.836099743843079
4.552654474973679
4.423477500677109
4.90231990814209
4.527728408575058
4.94941383600235
4.880470633506775
4.881382137537003
4.959130585193634
4.934327304363251
4.528889358043671
4.877725839614868
4.116056561470032
4.676812589168549
2.984265089035034
5.0
4.783617556095123
4.525453746318817
4.711104780435562
4.986330717802048
2.4284929549321532
4.123271703720093
4.783376157283783
4.7356195747852325
2.5365092046558857
4.8506686091423035
4.01487410068512
4.9052876234054565
4.823497533798218
4.999999850988388
4.914404898881912
4.719683974981308
4.921645224094391
3.463784158229828
4.822753369808197
4.893801361322403
4.345910996198654
2.781876642256975
4.539187699556351
4.735969603061676
4.999999701976776
4.161226600408554
4.2889404296875
4.8958830535411835
4.62560847401619
2.8262315317988396
4.736701101064682
3.764634132385254
4.799742698669434
4.8213991522789
4.424790740013123
4.114760756492615
4.796788692474365
4.9399566650390625
4.864787757396698
4.999999701976776
5.000000298023224
4.792494177818298
3.823733478784561
4.464447796344757
3.8598842918872833
4.870412051677704
4.616371989250183
4.983167499303818
4.771119803190231
4.826730489730835
4.867158532142639
4.849628508090973
4.657889902591705
4.451059997081757
3.049977868795395
4.597371220588684
5.000000298023224
5.000000298023224
4.344751238822937
4.98213529586792
4.858867675065994
2.6197818480432034
4.909475147724152
3.8464854657649994
2.6501817256212234
4.723874926567078
4.608968496322632
4.943819493055344
4.925902038812637
4.866145849227905
4.990357905626297
4.3102967739105225
4.964161813259125
4.500575065612793
4.8237743973731995
4.442949742078781
4.711044728755951
4.250440001487732
4.924820959568024
4.879308342933655
2.3657045047730207
3.029787465929985
4.917362630367279
5.0
4.826741814613342
4.909284710884094
4.999999850988388
4.98546376824379
4.802486300468445
4.489889591932297
4.792340248823166
4.824310839176178
4.894178360700607
4.756572842597961
5.000000596046448
4.14097860455513
4.82362687587738
5.0
4.903295636177063
3.991805911064148
4.7546206414699554
4.769417643547058
4.995006322860718
4.961206614971161
4.723784029483795
4.326308965682983
4.7594112157821655
4.8993003368377686
4.658723026514053
4.823266863822937
5.0
4.659550786018372
4.798559248447418
4.677703529596329
4.825057089328766
4.07302126288414
4.832659512758255
4.941914975643158
4.442172646522522
4.999999850988388
4.688020646572113
4.492730498313904
3.1556788086891174
3.0681689456105232
4.765171110630035
4.85288992524147
4.1427406668663025
4.844020307064056
2.876947745680809
4.406881332397461
4.876501560211182
4.943139553070068
4.3271660804748535
4.850515723228455
4.746046364307404
4.888916015625
4.8292675614356995
4.946228861808777
4.841649532318115
2.678800392895937
4.351443201303482
4.85097736120224
4.934512078762054
3.9810271561145782
4.601219594478607
4.828713536262512
4.758248925209045
4.105850160121918
5.000000596046448
4.877699613571167
4.2878757417202
4.935605227947235
4.124811887741089
5.000000298023224
4.908387660980225
4.859829843044281
4.590080231428146
4.444848299026489
5.000000298023224
4.975647032260895
3.1083112582564354
4.925062358379364
4.944422543048859
3.823733478784561
3.758205324411392
4.870155155658722
4.768786132335663
4.966237545013428
4.935672283172607
4.999999850988388
4.999999850988388
4.659967124462128
4.999999850988388
2.7865522354841232
4.925848841667175
4.897495806217194
5.000000596046448
3.788568079471588
3.8986147940158844
4.729021787643433
4.900062531232834
4.9769216775894165
5.000000298023224
4.6362245082855225
4.954827725887299
4.911098927259445
3.701089844107628
4.7657060623168945
4.9362823367118835
3.8417863845825195
5.0
3.4675753116607666
4.939543455839157
3.816673457622528
4.568144083023071
4.808264225721359
4.7106896340847015
4.963744431734085
4.971539527177811
4.85842764377594
3.1600219011306763
4.825318902730942
4.6464502811431885
5.0
4.587439596652985
4.283372014760971
4.999999701976776
4.779175817966461
4.8431795835494995
4.854494780302048
2.7089611813426018
4.900276064872742
4.725780487060547
5.0
5.000000298023224
4.928085803985596
4.858130067586899
4.831898957490921
4.914669692516327
4.50459748506546
5.0
3.9093437790870667
4.877723157405853
5.000000298023224
4.864843189716339
4.709246456623077
4.776034355163574
4.668876528739929
4.846141189336777
2.737095132470131
4.836339354515076
3.284350335597992
4.476865828037262
5.000000596046448
3.491009548306465
4.91705596446991
4.780183583498001
4.942007809877396
5.0
4.950485080480576
4.172897189855576
4.896445870399475
4.697064161300659
2.8959667682647705
4.247436672449112
4.935794174671173
4.695827662944794
5.0
4.895598888397217
4.458371996879578
4.915875941514969
4.8641932010650635
4.7498056292533875
4.859204888343811
2.9043929278850555
4.853580445051193
2.8932812437415123
2.7476947754621506
4.831231534481049
4.765160977840424
4.979209005832672
4.908090382814407
4.726173579692841
5.0
4.184031784534454
4.984745234251022
4.974319934844971
4.862271100282669
2.3612016439437866
4.698967337608337
4.974280446767807
5.0
4.982123970985413
4.859829843044281
4.923906326293945
4.589799493551254
4.355868995189667
3.4851501882076263
4.705955386161804
4.822523593902588
5.000000298023224
4.986785054206848
4.900113940238953
4.939590096473694
4.034351259469986
4.74413126707077
4.908092767000198
4.6566300094127655
3.3705945312976837
4.440782070159912
4.808426797389984
4.735572040081024
4.159693121910095
4.998380243778229
2.9255960509181023
4.973430633544922
4.989584684371948
4.118846505880356
4.953901767730713
4.24633651971817
4.846402406692505
3.0151815339922905
4.664658606052399
4.816100895404816
4.643431305885315
4.278735518455505
4.870918095111847
4.926269352436066
4.947026968002319
4.8606666922569275
4.982256889343262
4.840461611747742
4.9894192814826965
4.975465685129166
4.346491098403931
4.999999552965164
4.960179626941681
2.7312508039176464
4.8591092228889465
4.176864176988602
4.918078929185867
4.852246642112732
3.721829652786255
4.806339144706726
4.9908725917339325
4.825029224157333
4.852721989154816
4.90567147731781
4.087901711463928
4.440303444862366
4.893152117729187
3.2493285834789276
3.3995938301086426
4.969395697116852
5.0
4.876382946968079
4.837025851011276
4.6782949566841125
4.39188078045845
2.968185842037201
4.992640912532806
4.51015368103981
4.143287539482117
4.221505373716354
4.658469706773758
4.951774179935455
5.000000596046448
4.87296462059021
4.994258135557175
4.766985177993774
2.9707125574350357
4.982752948999405
4.982864856719971
4.8397839069366455
4.876876920461655
4.649043083190918
4.386500418186188
4.7993190586566925
4.972589910030365
4.020332396030426
4.407334327697754
4.166643917560577
5.0
4.612622857093811
4.614609628915787
4.503149688243866
4.929267764091492
4.690073728561401
3.0957243591547012
4.616989493370056
4.8391324281692505
4.9719347059726715
4.742653667926788
4.932850152254105
4.945034086704254
5.000000298023224
4.1446904838085175
4.869866222143173
4.938316196203232
4.136446118354797
5.000000298023224
4.944194108247757
4.805103540420532
4.95429664850235
5.0
4.859204888343811
4.67808872461319
4.812314957380295
4.957911372184753
4.431367963552475
4.803484678268433
4.981013983488083
4.910595715045929
4.584757536649704
5.0
4.362955093383789
4.717710912227631
3.956686854362488
4.843849092721939
4.962026476860046
4.4795094430446625
4.853235483169556
4.814178943634033
4.934645593166351
4.531812369823456
4.098802208900452
4.864779710769653
3.8238121569156647
4.7594112157821655
4.892784804105759
3.233107402920723
4.542067348957062
5.0
4.881284236907959
4.829727858304977
4.725177586078644
4.512439668178558
2.5727584585547447
5.000000298023224
4.981037527322769
4.903225302696228
4.8137980699539185
4.993380010128021
4.893801361322403
4.83042985200882
4.993605017662048
4.826353043317795
4.999999850988388
5.000000298023224
2.619349816814065
3.148517683148384
3.9847663044929504
4.88757997751236
5.0
4.477085769176483
4.7965943813323975
4.640389382839203
4.971285164356232
4.068280607461929
4.220350533723831
4.7673384845256805
5.000000596046448
4.204356372356415
4.346818774938583
2.895766980946064
4.410707652568817
4.581844061613083
4.513929039239883
4.744724333286285
4.850911647081375
4.778270572423935
4.825318902730942
4.884561598300934
4.36899870634079
4.07302126288414
4.455774277448654
4.803773462772369
4.893825054168701
4.494605362415314
4.793029427528381
5.000000298023224
5.000000596046448
4.681733399629593
4.845339506864548
5.0
5.000000298023224
3.326180875301361
3.810654729604721
4.9059657752513885
4.999999850988388
4.474552869796753
4.979818910360336
4.933092296123505
2.72536251693964
5.0
4.385606944561005
4.98071625828743
4.721086025238037
4.999999850988388
2.9254869371652603
4.042963832616806
5.0
4.830604195594788
4.9696773290634155
4.885306507349014
4.867385178804398
4.67673122882843
4.6580952405929565
4.7623297572135925
4.668935835361481
4.478725641965866
4.303019344806671
4.70638319849968
4.610746502876282
3.0706478655338287
4.980284720659256
4.840610772371292
4.86689031124115
4.910228848457336
4.805981814861298
4.834171086549759
4.662514179944992
4.968273639678955
4.289831221103668
3.937804102897644
4.229898899793625
4.963964372873306
4.812116324901581
4.6362245082855225
4.954404532909393
4.910556972026825
4.890746474266052
4.798787832260132
4.925626367330551
4.7722987830638885
4.9638935923576355
4.679156690835953
4.073140025138855
4.368005692958832
4.2189620435237885
3.6597123742103577
4.629323184490204
4.996088445186615
5.000000298023224
4.998255670070648
4.832319915294647
4.531059265136719
4.851582050323486
4.589799493551254
4.779175817966461
4.860982596874237
4.3794503808021545
4.281415641307831
4.849753677845001
4.657139480113983
4.797830283641815
4.515751898288727
4.648770689964294
4.869369268417358
4.807299375534058
4.926633834838867
4.480171799659729
4.96542826294899
3.6280108988285065
4.418598264455795
5.0
4.5262375473976135
4.934808313846588
2.7518267929553986
5.000000298023224
5.0
3.7726745009422302
3.1157754361629486
5.000000596046448
4.933997988700867
4.554762244224548
4.992358386516571
4.761841595172882
4.994949549436569
4.657089710235596
4.74405974149704
4.4934457540512085
5.0
4.792111814022064
4.523913264274597
4.999999850988388
2.7029223926365376
5.000000298023224
3.7055158615112305
5.000000596046448
5.0
4.947547018527985
4.959148168563843
4.77721244096756
5.000000596046448
5.000000298023224
4.679692834615707
4.731766432523727
5.000000596046448
5.000000596046448
4.8391324281692505
4.510020017623901
4.383431375026703
4.622407853603363
3.9699043333530426
3.307953327894211
4.939031898975372
3.5652965307235718
4.972781389951706
5.0
4.766139388084412
2.8643684089183807
3.1943534314632416
4.768910706043243
4.842662215232849
3.724072575569153
3.148178458213806
4.500474780797958
4.83784556388855
4.472998082637787
4.974431246519089
4.943366348743439
4.763323664665222
4.7083017230033875
4.918684363365173
3.13571497797966
4.629940092563629
4.812314957380295
4.822753369808197
4.446630775928497
4.961459636688232
4.9490949511528015
4.898274838924408
4.423694461584091
4.835862219333649
4.407697319984436
5.0
4.805981814861298
4.816100895404816
4.744829386472702
4.956822842359543
4.892672300338745
4.837610274553299
4.984375089406967
4.945832341909409
4.989813566207886
4.752514064311981
4.620416164398193
4.816843867301941
3.054349049925804
4.836453795433044
5.000000298023224
4.871177077293396
3.7726998329162598
4.551517218351364
4.590820074081421
4.572095274925232
3.962845504283905
4.631585776805878
4.963509142398834
4.436727464199066
4.941055476665497
4.666842520236969
3.512933999300003
4.941423684358597
4.640079289674759
4.906025677919388
4.962608218193054
2.8016819059848785
4.784972369670868
4.059439599514008
4.376172423362732
4.429828226566315
4.796523004770279
4.731979817152023
4.871620088815689
4.942160397768021
4.991693049669266
4.810357987880707
4.541610479354858
4.471712112426758
4.249059557914734
4.70356211066246
3.57293039560318
4.444275200366974
4.88108217716217
4.65830460190773
5.000000596046448
5.000000298023224
5.000000298023224
4.996668100357056
2.4328011134639382
2.7674435824155807
5.000000298023224
4.8550596833229065
4.985763728618622
4.946981072425842
4.951178729534149
3.9167895913124084
5.000000596046448
4.446403831243515
4.818199872970581
4.861497581005096
4.540966749191284
3.193902373313904
4.898996651172638
3.0704858526587486
5.000000298023224
4.826741814613342
4.207291305065155
3.7140212953090668
4.035454094409943
4.893901199102402
4.867112338542938
4.999999701976776
4.633892774581909
4.930812865495682
4.745117723941803
4.993339478969574
4.186783581972122
4.932572096586227
4.9707406759262085
4.784939885139465
4.670420289039612
3.0235913395881653
4.697683751583099
4.314928948879242
4.999999701976776
5.0
4.852879643440247
5.0
4.893770664930344
4.234384149312973
4.38699409365654
4.405768811702728
4.6339936554431915
4.982912987470627
4.768642783164978
4.7879838943481445
4.320877939462662
5.000000596046448
4.813730716705322
5.0
4.46462944149971
4.623154401779175
4.367499947547913
4.611952602863312
5.0
4.072575271129608
4.434227347373962
4.7906190156936646
4.984012246131897
4.496920704841614
4.226784557104111
3.9432573318481445
4.791391044855118
4.677703529596329
3.1931354850530624
4.875310063362122
4.999999850988388
4.9278876185417175
4.59567666053772
4.340749084949493
4.990156590938568
4.772848039865494
4.4984182715415955
3.990771770477295
4.876384735107422
4.819952845573425
4.8373013734817505
4.708442986011505
4.982047975063324
4.9521370232105255
5.0
4.886037111282349
5.0
5.0
4.9639686942100525
5.0
3.0544688552618027
4.806488454341888
4.7383913397789
4.8479315638542175
4.910379350185394
4.651200771331787
4.47205513715744
4.346741139888763
4.97187465429306
4.885412752628326
4.913093745708466
4.851213991641998
4.006145596504211
5.0
2.8818366676568985
4.996604472398758
4.972126483917236
4.100855588912964
4.6971796452999115
4.241972714662552
4.542417079210281
4.351170361042023
2.8690003976225853
4.953332245349884
4.934373199939728
4.861361533403397
4.89277184009552
4.898545742034912
3.9176946878433228
4.952303171157837
4.723784029483795
4.822074323892593
4.978678077459335
3.1077656149864197
3.426694869995117
4.36867892742157
4.753793776035309
4.701262712478638
4.771028906106949
4.894387573003769
4.616665095090866
4.274281859397888
4.914558529853821
4.970082938671112
4.97910350561142
3.7441937625408173
4.758205413818359
4.803498089313507
4.863906502723694
4.937968403100967
3.629259020090103
4.555215537548065
3.8505546748638153
5.000000298023224
4.977060556411743
5.0
4.91190642118454
2.913251295685768
4.588332921266556
5.0
4.625532180070877
4.860572814941406
3.0369852483272552
4.8853699862957
3.682766705751419
4.430243670940399
4.672756344079971
4.94905486702919
4.594023376703262
4.955916553735733
4.4836366176605225
5.000000298023224
4.834635853767395
4.955621957778931
4.9825718998909
4.943393170833588
4.863561689853668
2.9514213651418686
4.281962215900421
4.998046010732651
5.0
4.073275625705719
4.999999850988388
4.728475362062454
5.0
4.736701101064682
5.000000298023224
3.8195255398750305
4.640934318304062
4.369282424449921
4.7845906019210815
4.855474829673767
4.920312613248825
4.6767458319664
4.2960424721241
4.53015923500061
4.961495101451874
4.978896826505661
4.780270606279373
4.916893243789673
4.8421841859817505
4.58792969584465
4.354456216096878
4.038703888654709
4.640912711620331
4.923606216907501
4.834052920341492
4.76913720369339
4.727549850940704
4.8019276559352875
4.999999701976776
4.947848469018936
5.000000298023224
4.9725183844566345
4.729912132024765
4.930814504623413
5.000000298023224
4.681340157985687
4.983635246753693
4.906122088432312
4.713042080402374
4.892704635858536
3.967010974884033
3.052443414926529
4.9686649441719055
2.9679371416568756
4.717768132686615
5.000000298023224
4.847967326641083
4.952736049890518
4.966782480478287
4.807604998350143
2.759084813296795
4.790545552968979
4.759036153554916
5.000000298023224
4.937025606632233
4.461522400379181
4.613614529371262
4.958077371120453
4.75873664021492
5.0
4.774000644683838
4.668213725090027
4.629786908626556
4.790053963661194
5.000000596046448
2.7145596593618393
4.975436627864838
4.886190295219421
4.822239279747009
5.000000596046448
4.806178510189056
4.251960515975952
3.922487199306488
4.735972583293915
4.667986631393433
4.076584428548813
4.668876528739929
4.9642640352249146
2.741855662316084
4.25251230597496
4.9167898297309875
4.681816548109055
4.9189335107803345
5.0
3.938616067171097
4.124923944473267
4.083698987960815
5.000000298023224
4.970013052225113
5.000000596046448
4.525223076343536
4.999999850988388
4.749247431755066
4.697063565254211
4.877978563308716
4.557462781667709
2.858954593539238
4.745560884475708
4.894352704286575
4.780226498842239
5.000000298023224
4.852430373430252
4.93543803691864
5.000000298023224
4.657883197069168
3.657686337828636
3.491009548306465
4.914991110563278
3.091873712837696
4.355576038360596
4.996804893016815
4.889344274997711
4.218321144580841
5.0
4.77296307682991
4.825495183467865
4.8579321801662445
4.495406746864319
4.895793944597244
4.755513221025467
4.852678179740906
5.0
4.347745031118393
3.9076152443885803
4.927089959383011
4.616744518280029
4.858719706535339
4.98856782913208
4.702776670455933
2.899981252849102
4.766139388084412
5.0
2.5335110630840063
3.829556107521057
4.837635159492493
4.687359929084778
2.96692430973053
4.963637739419937
4.960782080888748
4.349304586648941
4.514064639806747
4.736742079257965
3.869350701570511
5.000000596046448
4.3929290771484375
4.755816757678986
4.852602183818817
4.629940092563629
4.977191686630249
4.384013116359711
4.899485111236572
4.877723157405853
4.832224398851395
3.223317265510559
4.781314432621002
4.766849726438522
5.0
4.13346529006958
4.975018799304962
4.874128550291061
4.917981326580048
4.913534075021744
4.750766009092331
5.0
4.9007174372673035
4.8667871952056885
4.7913858294487
2.5262540043331683
5.000000596046448
4.848012328147888
4.736707508563995
4.65626060962677
4.7005245089530945
4.30585503578186
4.791062772274017
5.0
4.97465118765831
3.2905714213848114
3.2899343967437744
5.0
5.0
4.9948327243328094
4.700157344341278
4.892366975545883
4.486684650182724
5.0
4.633519351482391
4.935251772403717
4.765613377094269
4.036592543125153
4.830169826745987
5.000000298023224
4.994611293077469
4.60875540971756
4.9341098964214325
4.949488937854767
4.934927523136139
4.941595047712326
4.555814117193222
4.876560568809509
5.000000298023224
4.800094366073608
2.756449431180954
4.647843539714813
4.7173647582530975
4.496268332004547
4.999999850988388
4.968712478876114
4.487255811691284
4.797247350215912
4.764691591262817
4.887560158967972
4.902194440364838
4.5544324815273285
4.943651854991913
4.841190427541733
4.255398362874985
4.867029786109924
3.3934641629457474
5.0
4.908671826124191
4.873768091201782
4.975233376026154
4.962026476860046
4.912066608667374
4.873218238353729
2.9123105853796005
4.352200031280518
4.999999701976776
5.0
4.574182033538818
5.0
4.8973193764686584
4.753313362598419
4.436069428920746
4.7543865442276
5.0
2.4009546265006065
4.814271926879883
4.3810635805130005
4.436727464199066
4.864819496870041
4.198756814002991
4.759041965007782
4.617997407913208
2.5967618636786938
