4.153931438922882
4.778600037097931
3.66185761988163
3.667341023683548
4.3890076875686646
4.214986711740494
4.036025404930115
4.631798267364502
4.972839653491974
4.348758161067963
4.392033219337463
4.13139209151268
4.09223198890686
3.9383818209171295
4.082552194595337
3.9469705522060394
3.784351944923401
4.312566518783569
4.772357940673828
4.672387540340424
4.941081255674362
4.5192790031433105
3.530685603618622
4.887202680110931
3.4805653989315033
4.230846464633942
4.978559166193008
4.985518753528595
3.8803480565547943
4.599953293800354
4.08394068479538
3.616902083158493
4.384090453386307
4.193619042634964
4.121031165122986
3.9547453820705414
4.902585744857788
4.260397404432297
4.29455429315567
3.379002884030342
4.855941087007523
4.058172851800919
4.093087911605835
4.16061595082283
4.083514511585236
3.873795121908188
3.476797342300415
4.949787259101868
3.840312659740448
3.921847343444824
3.675391599535942
4.615412503480911
4.084298312664032
3.375978544354439
4.931790232658386
4.820389300584793
3.151278644800186
4.077893644571304
4.205065965652466
4.672848582267761
4.0812793374061584
4.005096852779388
4.032012373209
4.785211235284805
4.113239496946335
3.1316163390874863
4.716545641422272
4.740903377532959
3.909652531147003
4.229271113872528
3.590890020132065
3.8650816679000854
4.57140326499939
4.089815318584442
4.683698415756226
3.9309093356132507
4.041532576084137
2.9713599383831024
4.087141752243042
4.689089804887772
4.783549755811691
4.289178848266602
4.943187981843948
4.498461186885834
4.907284080982208
3.787328004837036
4.902585744857788
3.9591285586357117
4.267379641532898
4.3314428627491
2.9972567409276962
4.724271595478058
4.27340030670166
3.7425727397203445
4.765879213809967
3.4002719819545746
4.829182922840118
4.120875000953674
4.088412672281265
4.926887899637222
4.654185026884079
3.6683587729930878
3.969816714525223
3.9157259464263916
4.724953770637512
4.097890406847
3.706175312399864
4.828362464904785
4.436194002628326
4.387729465961456
4.001600742340088
2.916625887155533
4.521514326334
3.978186845779419
2.7885304391384125
3.9008888602256775
4.680244624614716
4.37315434217453
4.648008793592453
4.867227226495743
4.229440838098526
3.8696978986263275
4.673097729682922
4.282282441854477
4.2925529181957245
2.9128683358430862
4.056841433048248
4.8766762018203735
4.748999178409576
3.4350432455539703
4.536455869674683
4.585655480623245
4.730315208435059
4.923105835914612
4.676309525966644
4.485512226819992
4.13237452507019
4.909460246562958
4.744334667921066
4.232000410556793
3.9702852070331573
4.872544705867767
4.587318003177643
4.075958579778671
3.895474374294281
3.4392286837100983
4.962673485279083
4.118930399417877
4.934586435556412
3.9010247588157654
4.27340030670166
4.175022840499878
4.848162829875946
4.427085518836975
4.823417067527771
4.216606020927429
3.707907199859619
4.3195584416389465
4.851359128952026
4.444524645805359
4.148276448249817
4.544006586074829
2.8070981055498123
4.602170884609222
3.840312659740448
4.7810110449790955
4.927448034286499
4.641006290912628
3.1402771174907684
4.060688614845276
3.5743263363838196
3.805980682373047
4.124092608690262
4.1468144953250885
4.708482623100281
4.544496238231659
2.7826999500393867
3.2551148533821106
4.5252725481987
4.035321474075317
3.592522293329239
4.543919116258621
3.0354411900043488
3.938937485218048
4.943187981843948
4.884265661239624
4.397717118263245
2.7359836734831333
4.135005623102188
3.936876952648163
3.762805461883545
3.5412204265594482
4.656750559806824
4.316708147525787
4.810138642787933
4.490542411804199
4.43303257226944
4.186212122440338
4.077668488025665
3.716747611761093
4.402081072330475
4.743707180023193
3.347708582878113
4.907284080982208
4.679633677005768
4.534326791763306
4.341390430927277
4.856844395399094
4.232610762119293
4.428575187921524
3.9541833102703094
2.979145720601082
4.194583147764206
4.734908193349838
4.950769543647766
2.849365845322609
4.975675642490387
3.9689603447914124
3.8856790959835052
4.734557271003723
4.6167972683906555
2.666689846664667
4.800386279821396
3.9128607511520386
4.345000088214874
4.696755111217499
4.9446892738342285
4.347544759511948
4.606366157531738
3.736017793416977
3.958088457584381
3.8842859864234924
4.007351994514465
4.939148873090744
4.920459538698196
3.1638824194669724
4.0396034717559814
3.2309626042842865
3.9361850917339325
4.5852625370025635
3.828299343585968
4.963649213314056
3.549795150756836
3.5332058370113373
4.469519555568695
4.810125529766083
3.5425259172916412
4.608708918094635
4.44113165140152
4.897018373012543
4.711992144584656
4.327149391174316
3.010355457663536
4.9159058928489685
3.455689549446106
4.903214275836945
4.05275285243988
4.6864645183086395
3.0628952383995056
3.0508114397525787
4.864319860935211
4.770472049713135
3.306226134300232
4.145549535751343
4.295694977045059
2.959648445248604
3.8459108769893646
2.7112870290875435
4.732564985752106
2.8443457931280136
4.914422035217285
4.913258999586105
4.6569934487342834
2.9747866094112396
4.739755392074585
3.890213668346405
4.993909150362015
4.02950793504715
3.570280596613884
3.927367627620697
3.875223398208618
3.8339097797870636
4.013417363166809
3.5690346360206604
4.92855578660965
3.6125655472278595
4.552373290061951
4.289382994174957
4.481018483638763
3.972298502922058
3.6656470596790314
4.2730627954006195
4.16061595082283
4.345000088214874
4.016925692558289
4.728898257017136
3.797321915626526
3.5966697335243225
3.47688689827919
4.082801938056946
3.9333176612854004
4.226769357919693
4.226699024438858
4.018580913543701
4.980941116809845
4.857721030712128
4.472549557685852
4.081857353448868
2.997359186410904
3.869871199131012
4.479815661907196
3.948073536157608
4.657706469297409
3.687831163406372
4.852682054042816
4.838416278362274
2.9350216314196587
3.003556914627552
4.820389300584793
4.061693251132965
3.221852481365204
3.1714020669460297
4.873223006725311
4.6255359053611755
4.721032679080963
3.716045916080475
3.047155514359474
2.9716233909130096
3.8642480969429016
4.534832537174225
4.145114719867706
4.42360907793045
3.8558733463287354
3.880399614572525
3.1881655752658844
4.330558776855469
3.0300814658403397
4.755042195320129
3.797863721847534
3.7332403659820557
4.121031165122986
3.9591285586357117
3.504057079553604
4.415771663188934
4.934586435556412
4.806989133358002
3.8743266463279724
4.240246415138245
3.8928262889385223
3.9117375016212463
3.2701168209314346
3.5227925330400467
4.838284850120544
3.880959004163742
2.740576695650816
3.751915544271469
4.451419711112976
3.2372376322746277
4.895496368408203
3.636569082736969
4.941081255674362
4.7383615374565125
4.692922085523605
3.8816288113594055
3.432793766260147
4.6590787172317505
4.896721988916397
3.863721787929535
4.882836937904358
3.4536610543727875
4.637020528316498
4.475631266832352
4.622216671705246
4.437547475099564
2.916332706809044
3.6666470766067505
4.238553196191788
4.075180888175964
4.168822169303894
4.946211278438568
4.794560521841049
4.294315576553345
4.956488311290741
4.272338449954987
3.5166677832603455
4.77159708738327
4.626506417989731
4.465804547071457
4.760528951883316
3.664489760994911
4.186212122440338
3.876742869615555
4.198146164417267
3.2427989691495895
4.785724878311157
3.5945620387792587
4.561099708080292
3.5586339235305786
4.178949296474457
2.794509269297123
4.097935259342194
3.9227133989334106
4.55992579460144
4.561446309089661
2.644449770450592
4.3422554433345795
4.384090453386307
4.137141406536102
4.479815661907196
4.8503246903419495
3.9905044436454773
4.165725409984589
4.942167550325394
4.497459232807159
2.8881166130304337
3.4974800795316696
3.8928182423114777
3.785974383354187
4.332105219364166
4.7370001673698425
4.075180888175964
4.875688254833221
4.500331282615662
4.45283830165863
4.970806837081909
4.968428611755371
2.998119592666626
4.265916049480438
4.519506394863129
4.7253987193107605
4.6039628982543945
3.850799947977066
3.781808614730835
4.172416031360626
3.88190895318985
4.523458778858185
3.4684034436941147
3.5997433960437775
2.7202442102134228
3.710676282644272
4.676690548658371
3.5050728917121887
4.066749215126038
4.6821229159832
4.795110523700714
2.6951903849840164
3.9056117832660675
2.7716579288244247
4.147631227970123
4.794560521841049
4.433950185775757
4.411346018314362
4.907798022031784
4.160293340682983
4.895193725824356
4.3851980566978455
3.6703553050756454
2.882104106247425
3.6473348736763
4.948340654373169
3.87676402926445
4.471540600061417
4.515804499387741
3.7191613018512726
4.8151995241642
4.780147224664688
4.017571806907654
4.889368116855621
4.479860812425613
3.212340846657753
4.943797737360001
3.961457312107086
4.551807790994644
3.651803508400917
4.650217443704605
3.8795512914657593
4.376925826072693
4.748239070177078
4.818755388259888
4.128911197185516
3.9686447381973267
4.028119444847107
4.318463057279587
4.648709297180176
3.4548963606357574
3.4097006916999817
3.8524438440799713
3.8868434727191925
3.652697280049324
4.511174261569977
3.8426952064037323
2.8919342532753944
4.860309064388275
3.839517831802368
4.8503246903419495
3.5617102682590485
4.415707588195801
3.61558698117733
3.9723609387874603
4.412233680486679
3.9799903333187103
4.1225482523441315
3.3077847957611084
4.78984534740448
3.645336851477623
4.455387592315674
3.7256012111902237
3.855445981025696
4.535413384437561
4.9007174372673035
4.843905866146088
3.0847925692796707
4.615049958229065
4.064709693193436
3.8955852389335632
3.6206218600273132
4.994056224822998
3.6943721771240234
4.873761832714081
4.226699024438858
4.294481128454208
4.6761974692344666
4.229598194360733
4.746773988008499
4.106719940900803
4.196420609951019
4.671039879322052
4.848839640617371
4.9452367424964905
4.024677872657776
3.825961947441101
3.9589139819145203
4.778794348239899
4.785487651824951
3.9805620908737183
4.488404840230942
4.427598416805267
4.980941116809845
3.743542730808258
4.858630150556564
3.930390179157257
3.8736577332019806
3.595340773463249
4.986018389463425
4.929378628730774
4.625071734189987
2.7292513474822044
3.824557811021805
4.5629629492759705
4.352063834667206
3.9977480471134186
3.8421961665153503
4.499319493770599
3.703412264585495
4.969443529844284
3.27476404607296
3.881903439760208
4.572096765041351
2.894432842731476
4.878783822059631
3.4729445725679398
3.490297794342041
2.985275015234947
3.8696978986263275
3.7289436906576157
3.496306836605072
3.336680233478546
3.9644935727119446
3.643651306629181
3.6676784604787827
4.106719940900803
3.5977788269519806
4.227134436368942
4.795189797878265
4.591826945543289
3.004382699728012
4.798506796360016
3.895474374294281
3.8765177130699158
4.645274579524994
4.887168258428574
3.3389275521039963
4.972839653491974
3.1428828090429306
4.9020816385746
4.000559747219086
3.17243330180645
3.8339097797870636
4.230846464633942
4.97230127453804
4.602170884609222
4.618991315364838
4.553413093090057
3.447760120034218
4.178556054830551
4.969693124294281
4.44113165140152
4.207184016704559
4.889581054449081
4.577857702970505
3.4168051183223724
4.471540600061417
2.9504264891147614
3.9791233837604523
4.70356673002243
3.6339662969112396
4.908429831266403
4.543919116258621
3.9825402200222015
3.394109010696411
4.4198474287986755
4.00632306933403
4.781420677900314
4.141813218593597
3.7107715010643005
3.9500792324543
4.022352248430252
4.610241204500198
4.97549831867218
4.4837261736392975
3.4711946547031403
4.660399854183197
4.5181772112846375
3.9871591329574585
3.6007213592529297
3.132390081882477
3.9644935727119446
2.950444519519806
3.969201147556305
3.903968334197998
3.785974383354187
3.963809907436371
4.351750612258911
3.425818681716919
4.725246876478195
4.39750611782074
4.530687928199768
2.8286537155508995
4.31053951382637
4.25313264131546
4.456384778022766
4.0457552671432495
3.5921843349933624
4.145719110965729
3.6649948358535767
3.79213884472847
3.940404951572418
4.389656484127045
4.68428373336792
4.905584007501602
2.768323849886656
3.8605672121047974
3.5084277391433716
4.656750559806824
3.8694430887699127
4.71031978726387
3.7143070995807648
3.878176212310791
4.876239746809006
2.639998607337475
4.106486588716507
3.8295337557792664
3.8057807087898254
4.644270837306976
2.5558332912623882
3.9500792324543
3.874829262495041
4.011094272136688
4.509959667921066
4.201282262802124
3.1127021461725235
4.481018483638763
3.871895968914032
4.609885364770889
4.022025018930435
3.8788382709026337
4.244298338890076
4.336205273866653
3.0608145892620087
3.2810398936271667
3.9383818209171295
4.55992579460144
4.3851980566978455
4.324969947338104
4.216023087501526
4.44638729095459
4.845687001943588
4.829600602388382
4.295694977045059
4.633411467075348
4.913258999586105
3.5151979327201843
2.995668426156044
4.79993462562561
4.273160696029663
3.8753099739551544
4.226680099964142
4.730563461780548
4.970806837081909
4.011841416358948
4.856844395399094
4.345781207084656
3.9567776024341583
2.9302430152893066
4.021260440349579
4.312523305416107
4.9805960059165955
4.654498100280762
4.168746173381805
4.011841416358948
4.926618337631226
3.881842792034149
4.890356361865997
4.5420558750629425
4.940980225801468
4.109477996826172
4.077801704406738
4.411346018314362
4.396428316831589
3.52071076631546
4.024335145950317
3.910495489835739
4.233054220676422
4.777830243110657
3.866182863712311
4.3314428627491
4.55504834651947
3.6245276033878326
4.341796934604645
4.833680689334869
3.6936436593532562
4.468771815299988
3.2205793261528015
4.132217764854431
3.058774471282959
4.4753265380859375
4.421083927154541
3.728701025247574
3.797321915626526
2.7076758816838264
4.836183488368988
3.882935643196106
4.673916399478912
3.7696996331214905
2.9957716912031174
2.7000294253230095
2.9611920192837715
3.204522281885147
4.003991037607193
2.698262520134449
3.2130061089992523
4.857916533946991
4.172920733690262
4.495239555835724
4.091915339231491
4.795189797878265
3.10124434530735
4.887060523033142
4.841984808444977
4.824427664279938
3.742748573422432
4.030523002147675
3.959863781929016
4.416552782058716
4.421491026878357
3.6652882397174835
4.921937435865402
4.13585364818573
3.866182863712311
4.977422058582306
4.11781907081604
3.804076611995697
2.8918538987636566
3.886774927377701
3.9667287468910217
4.983828961849213
4.945225119590759
3.310960531234741
3.971218466758728
3.8219138979911804
4.690692126750946
4.6139682829380035
4.029120206832886
4.9609968066215515
4.454949200153351
4.84020859003067
4.867227226495743
4.609885364770889
4.6590787172317505
3.240423947572708
4.555696547031403
4.282581806182861
4.848500639200211
4.083964824676514
3.5537496209144592
3.960323929786682
3.303902968764305
4.311900436878204
2.914029285311699
4.8310786485672
3.2400010526180267
3.7323442101478577
4.495265483856201
4.838284850120544
3.405654802918434
3.8894782960414886
3.528609722852707
3.5817234963178635
4.421491026878357
4.419675022363663
3.676930069923401
4.211730360984802
3.1058624014258385
4.972631186246872
4.778141975402832
3.9642460644245148
4.795110523700714
4.040190130472183
4.044368863105774
4.791045188903809
4.45283830165863
3.3965638279914856
3.721015751361847
3.630909025669098
3.0609553679823875
4.772357940673828
4.785487651824951
3.6628325283527374
3.847017139196396
3.8070346415042877
4.362558275461197
3.8991209864616394
3.959819972515106
4.310283958911896
3.9094778895378113
3.9402946829795837
4.407617896795273
3.565908819437027
4.341853708028793
4.930065274238586
4.599831998348236
3.895813822746277
3.8054919242858887
4.684169888496399
3.2056263089179993
4.841669499874115
4.127064049243927
4.5762306451797485
4.42322701215744
3.8682806491851807
3.293386995792389
3.945617377758026
3.6465483903884888
3.756975829601288
4.3452659249305725
4.780147224664688
4.310657978057861
3.0905184894800186
2.726930622011423
4.875750541687012
4.091915339231491
3.27602356672287
4.611870348453522
4.244298338890076
4.909975975751877
3.0272120609879494
3.7934057414531708
2.794835865497589
4.477317631244659
4.255580306053162
3.689536303281784
2.7371742948889732
3.926047682762146
4.359296560287476
3.7759390473365784
3.6563055217266083
4.461486041545868
3.387058451771736
4.359009563922882
4.939498007297516
4.18704628944397
4.025918394327164
2.751738205552101
4.068170636892319
4.090260565280914
4.9222531914711
2.8202879056334496
4.424782693386078
3.918975591659546
4.880934655666351
4.741532504558563
3.390878736972809
4.713600426912308
4.002853184938431
4.453833103179932
3.8961857557296753
4.105701297521591
3.7611281871795654
4.48818176984787
3.825073540210724
4.821717143058777
3.8436272740364075
4.897018373012543
4.8038314282894135
3.8782624900341034
4.4060081243515015
3.929399996995926
3.90362411737442
4.722650647163391
4.13317084312439
3.0838948115706444
3.4814579784870148
3.978186845779419
2.774700876325369
3.8816288113594055
4.164122045040131
3.935890942811966
3.7470080703496933
4.77007657289505
4.727037847042084
4.460760205984116
4.037916660308838
3.9633531868457794
4.864319860935211
2.8806740045547485
3.6955592781305313
4.78789746761322
3.619644194841385
4.31053951382637
4.094701707363129
3.348264992237091
4.880934655666351
3.5724102705717087
4.3629539012908936
4.428575187921524
4.744334667921066
4.71540242433548
2.796251568943262
4.325319528579712
4.042958766222
3.998650908470154
4.376928508281708
3.5744158923625946
3.915051817893982
4.355593025684357
4.718466103076935
4.633888304233551
4.511503726243973
3.1630147993564606
3.435664623975754
3.898707926273346
4.803164452314377
3.7420780956745148
3.041582405567169
4.910998642444611
4.841669499874115
4.975675642490387
3.8898837566375732
4.470887631177902
4.024854749441147
4.25313264131546
4.907798022031784
2.8958705067634583
3.2663805782794952
4.819063246250153
4.127863943576813
3.6572743207216263
4.294912815093994
4.214986711740494
2.6915407925844193
4.55504834651947
4.007208347320557
4.848433285951614
4.027036130428314
2.928806096315384
4.86747682094574
4.676731526851654
4.9541158974170685
4.058747291564941
3.568870946764946
4.470077455043793
3.013908676803112
4.481163024902344
4.37394380569458
4.6761974692344666
4.838509261608124
4.036175906658173
4.208437949419022
4.342955648899078
3.2804280519485474
2.8395134955644608
3.8624207675457
4.841984808444977
4.7617484629154205
3.79213884472847
3.814878761768341
4.88883912563324
3.4623783826828003
3.7573379278182983
4.450383186340332
3.0775585770606995
3.8187843561172485
3.1468451768159866
3.549795150756836
3.8581138849258423
3.344472646713257
3.6641956865787506
3.806804120540619
4.223260283470154
3.656867668032646
3.4203071892261505
3.0313489958643913
4.519385099411011
4.128935784101486
3.549865037202835
3.6135579645633698
4.691698849201202
4.9222531914711
3.788857161998749
4.094902873039246
4.867171049118042
4.794560521841049
3.782091438770294
4.823627024888992
4.472549557685852
4.518010914325714
3.630644753575325
4.168320447206497
2.9896507784724236
4.670730829238892
4.299361407756805
4.939216524362564
3.0360037833452225
4.020160734653473
3.874991238117218
3.762805461883545
4.2349521815776825
4.168746173381805
3.8236920535564423
3.496306836605072
4.378314763307571
3.620278984308243
4.0710800886154175
4.989711046218872
4.427894651889801
3.826683610677719
4.672848582267761
4.225353002548218
4.109157621860504
3.7980520725250244
3.992234468460083
3.804076611995697
3.754758834838867
2.926592379808426
3.938937485218048
4.081656038761139
3.335738927125931
3.081323988735676
4.467785060405731
4.028396010398865
4.974411129951477
4.07731294631958
3.306226134300232
3.772434741258621
4.252181947231293
2.799531016498804
4.862882643938065
3.4974800795316696
3.837910145521164
4.583972990512848
4.478532373905182
3.409983366727829
3.9764265716075897
3.2604287564754486
3.834696114063263
4.081656038761139
3.7151674926280975
3.4758271276950836
4.727037847042084
3.913848400115967
3.930422216653824
3.241073712706566
4.837319552898407
3.5797151923179626
4.05350923538208
4.36150535941124
4.056841433048248
4.124675244092941
4.890356361865997
4.439352750778198
3.911348581314087
3.1536436825990677
3.986186385154724
2.866758070886135
4.113971590995789
4.615049958229065
3.834649920463562
4.099628925323486
4.785724878311157
4.045902639627457
3.8481342792510986
3.7541012465953827
3.5604412108659744
4.060085266828537
4.3727922439575195
4.544496238231659
3.935890942811966
4.033724516630173
4.677287042140961
4.939498007297516
4.42322701215744
4.803164452314377
4.561099708080292
3.0444784462451935
4.753868579864502
3.817669600248337
4.865449666976929
4.482421725988388
4.005996435880661
3.8533899188041687
4.003991037607193
3.920580744743347
4.724579006433487
3.0328289419412613
3.3407848328351974
3.7552425265312195
3.038233034312725
4.873761832714081
4.013065695762634
4.696755111217499
3.8598379492759705
3.528062552213669
3.8915733993053436
3.8709908723831177
3.7379419058561325
4.728898257017136
3.615720719099045
3.009631633758545
3.8210152089595795
3.5935451090335846
2.841879650950432
4.590522050857544
3.7445195019245148
4.858630150556564
3.976704925298691
3.8640275597572327
3.913848400115967
4.1784438490867615
4.211730360984802
4.994056224822998
2.9800623655319214
4.931790232658386
3.7311478704214096
4.362558275461197
4.481741786003113
3.8782624900341034
4.5181772112846375
4.572096765041351
3.5586339235305786
2.8894752264022827
2.773041110485792
3.8650816679000854
4.247536063194275
4.83765572309494
3.72523233294487
3.3443058282136917
3.950427323579788
4.341796934604645
4.1347357630729675
3.6155934631824493
2.566600670106709
3.710368201136589
4.041532576084137
4.388116896152496
4.414267987012863
4.543919116258621
3.78111869096756
4.983828961849213
4.470887631177902
4.940980225801468
3.433753401041031
3.7852145731449127
3.9609290659427643
3.568340241909027
3.3412687480449677
4.3308864533901215
4.969443529844284
3.8853250443935394
4.224889725446701
3.7573379278182983
4.297829270362854
4.270875453948975
4.753868579864502
4.1877540946006775
3.125113993883133
3.9496493339538574
4.048925936222076
4.124092608690262
4.108615815639496
3.9096853137016296
4.115461111068726
3.114878684282303
3.920353353023529
4.530653357505798
3.8219138979911804
4.112952351570129
3.3013448119163513
3.568340241909027
4.945225119590759
3.8836152851581573
3.8748398423194885
4.398747980594635
2.917637750506401
3.8494515419006348
4.908429831266403
4.086422026157379
3.029293119907379
3.2412859052419662
3.855862021446228
4.575292766094208
4.578385204076767
4.338032454252243
4.657561779022217
3.8475842773914337
3.5489586740732193
3.620278984308243
3.6628325283527374
3.8682806491851807
4.5917147397994995
4.608708918094635
4.821717143058777
3.359708860516548
3.5599903762340546
3.4481972455978394
4.929378628730774
4.2857153713703156
4.77159708738327
3.7054159492254257
3.467094674706459
4.423159509897232
3.16259503364563
4.059735834598541
2.9300951212644577
4.657706469297409
3.9260193705558777
3.855445981025696
3.8795512914657593
2.772026937454939
3.9234858751296997
3.0296481400728226
4.147884249687195
2.881314754486084
4.534326791763306
4.145719110965729
3.4149672836065292
3.898164927959442
3.8318563997745514
3.089205026626587
3.2764223217964172
4.112952351570129
4.909975975751877
4.669449031352997
3.8057807087898254
4.1865770518779755
3.0867697298526764
3.902299553155899
4.414267987012863
4.325525611639023
3.2009685039520264
4.406520426273346
3.8355299830436707
