3.3189618587493896
4.276642054319382
3.4962624311447144
3.07656466960907
4.571394920349121
2.884923219680786
3.0129238590598106
3.3395259082317352
4.655728042125702
3.403915762901306
3.255969360470772
3.1861986219882965
4.718828201293945
3.6984986066818237
4.635372459888458
4.611218869686127
2.9493750631809235
3.670117035508156
3.737308084964752
3.416990116238594
4.694851934909821
3.4471935033798218
3.7083201110363007
4.673601388931274
2.8092293441295624
2.4460012605413795
4.579605609178543
4.230761826038361
2.8295499086380005
3.698122873902321
3.1472577154636383
3.4983232617378235
3.803265541791916
3.2836996018886566
3.129146844148636
2.928934618830681
3.758170008659363
3.6709246784448624
4.036823064088821
2.7883198112249374
3.650248199701309
3.2609285414218903
2.9873640835285187
3.123129829764366
3.9018523693084717
3.19452628493309
2.9158389568328857
4.7797223925590515
4.22529011964798
3.36079940199852
3.547399938106537
3.1072963029146194
2.6753073930740356
3.337343782186508
4.179707169532776
3.343224972486496
3.0666880309581757
3.2929421961307526
3.460942953824997
4.252734333276749
3.6304865777492523
4.057055711746216
4.2819517850875854
3.1932957470417023
3.5613228380680084
3.1577271223068237
4.571425765752792
4.587041288614273
3.572358638048172
3.764125257730484
3.815552443265915
2.9316145926713943
2.781801763921976
3.4606878459453583
3.2138585299253464
3.0725425481796265
3.646381199359894
3.1905727833509445
3.1270212680101395
3.8793882727622986
3.587478846311569
3.5592541098594666
3.3897289633750916
4.696769714355469
2.881588488817215
3.001765012741089
2.870652824640274
4.162880033254623
4.621036946773529
3.290597051382065
2.730785980820656
2.9955869168043137
3.7932057678699493
2.937632091343403
3.0892522633075714
3.174171596765518
3.1520117074251175
3.0189162865281105
2.9103943705558777
3.275791257619858
3.596819043159485
4.546983242034912
3.8991189002990723
3.014140762388706
3.0931536853313446
3.0573080107569695
4.509256929159164
4.757125675678253
3.2720941305160522
4.210793673992157
2.6969858817756176
3.541175127029419
3.0119556933641434
3.3949878811836243
3.9629915356636047
3.381863385438919
4.383372664451599
2.8964929655194283
3.0505720898509026
3.118642568588257
3.7610943615436554
3.4263092279434204
2.8707224875688553
3.5683032125234604
3.3763428777456284
3.6578409373760223
3.437575399875641
3.135163336992264
3.2208281755447388
2.983577474951744
3.5144832730293274
2.9020455479621887
3.1189073622226715
3.3788274228572845
4.1311585903167725
3.188108652830124
4.688177555799484
4.165508151054382
3.1628042459487915
4.036931991577148
3.1007346138358116
4.088985323905945
4.641657173633575
4.734696745872498
4.2961545288562775
4.189048707485199
3.3064433932304382
3.7353168427944183
3.6599957942962646
3.8432931900024414
4.187203943729401
2.913794293999672
4.297603070735931
3.2498162984848022
3.479347825050354
4.288690686225891
2.8036651760339737
2.898891903460026
3.097900375723839
3.3008715510368347
3.524845764040947
4.182270169258118
2.8947318345308304
3.302830755710602
3.443402945995331
3.3961835503578186
3.307025581598282
3.547629341483116
3.167595714330673
3.133140504360199
3.486184775829315
3.921399712562561
3.6342015117406845
3.285485878586769
3.5808009654283524
4.927377998828888
3.2380177080631256
3.5069386661052704
4.436266124248505
4.426681697368622
4.1392093896865845
3.105740360915661
3.450985476374626
3.1399954110383987
3.332565650343895
3.117203116416931
3.4981947392225266
3.1665346026420593
2.7329090796411037
3.202115446329117
4.189276993274689
3.138124942779541
3.0168381333351135
3.285870850086212
3.0482909828424454
4.462707340717316
3.289968967437744
3.283514231443405
2.9304349422454834
4.323780834674835
3.895374834537506
4.1560280323028564
3.902508169412613
3.0510037764906883
3.011348992586136
3.9859123528003693
4.235098958015442
3.483630120754242
3.066391572356224
4.327119737863541
4.232056438922882
3.6685141921043396
3.567357435822487
2.948392853140831
2.9544315114617348
2.661234997212887
3.6879197508096695
2.871883548796177
3.7439070641994476
3.284950777888298
3.329988196492195
4.204303622245789
3.26604500412941
4.694587588310242
4.2819783091545105
2.7798951789736748
3.2112714648246765
3.3330627530813217
3.4271717816591263
3.340277373790741
3.7055520713329315
3.522646129131317
4.492019563913345
3.0156587064266205
3.4747780859470367
3.078790344297886
3.700028508901596
3.524129018187523
3.4268227964639664
3.181217759847641
4.170055836439133
4.31379497051239
3.313068598508835
4.317030310630798
2.7061304822564125
3.4424544870853424
3.642056882381439
3.7492534518241882
3.2972703874111176
4.896334260702133
3.230298161506653
2.7637446485459805
3.4900537878274918
3.0519545823335648
2.778699863702059
3.6915749311447144
3.111952841281891
4.419714510440826
4.012194573879242
2.827431373298168
3.4082458168268204
4.066702723503113
3.403089940547943
4.059353917837143
2.634810032323003
2.9832667112350464
3.2126714289188385
3.9022934436798096
2.9554305598139763
4.5053282380104065
3.3134791254997253
3.4591256082057953
4.508262276649475
3.609810471534729
3.4886325895786285
2.6377203688025475
3.441011682152748
2.8673695772886276
3.1698939204216003
4.542562514543533
3.233153522014618
2.705969959497452
2.7643487602472305
3.987070322036743
2.9109326750040054
2.7428316324949265
3.958726227283478
3.3524156361818314
3.128996267914772
3.2362206280231476
3.687148243188858
4.232785403728485
4.420542865991592
3.2328903675079346
3.580387309193611
3.33440862596035
3.127267137169838
3.5248126834630966
3.130318894982338
3.608768880367279
3.5888688266277313
4.311250746250153
2.891380935907364
3.5930807888507843
3.2294118404388428
4.763265550136566
3.3336421847343445
2.8184233978390694
2.639557868242264
4.8790886998176575
3.862568289041519
3.7282800674438477
2.7116650715470314
4.864175617694855
2.9104983061552048
3.1044327467679977
3.443979024887085
3.059968575835228
3.8778330385684967
3.8627925515174866
3.234664499759674
3.4197399020195007
3.0342479422688484
3.5465839505195618
3.5564959049224854
2.965255044400692
3.6783692240715027
3.2470957934856415
3.5898539423942566
3.1461571902036667
3.2996059209108353
3.071368858218193
3.2372112572193146
3.3094367384910583
4.281659722328186
4.031092077493668
2.9427818953990936
3.130718469619751
3.839779645204544
4.37648743391037
3.9111053943634033
3.1227540224790573
3.3955132961273193
2.98695407807827
4.1065514087677
2.9849830642342567
3.6960873007774353
3.279438689351082
3.203541710972786
3.1717415153980255
3.2649096101522446
3.427950441837311
4.316412806510925
2.8250425681471825
3.663206696510315
3.368280827999115
3.748425543308258
2.8022318705916405
3.234696462750435
3.7137404084205627
3.534388840198517
3.326486051082611
2.8486068546772003
2.9817038029432297
2.6857869513332844
2.7537147887051105
2.9979658871889114
3.364774137735367
3.4960220754146576
3.4794841706752777
4.31466668844223
2.531141573563218
2.7016229927539825
3.3507590740919113
3.562559112906456
3.7409374117851257
4.001913517713547
3.7291869521141052
3.238091692328453
2.985546961426735
3.033176213502884
3.9803525805473328
3.7456846237182617
3.3161426335573196
2.8155843913555145
4.814069718122482
3.384930193424225
2.9829854518175125
3.670160174369812
3.5576222836971283
3.204325884580612
3.1595462560653687
3.368588536977768
3.299604132771492
3.0099788308143616
2.822849117219448
4.74210798740387
3.6816878616809845
2.7994555607438087
4.72492054104805
3.8156312704086304
3.127025216817856
3.458617180585861
2.8069449216127396
4.104700982570648
3.193606957793236
3.6851386725902557
3.7218645215034485
2.785807065665722
3.025830276310444
4.069224447011948
3.593681827187538
3.206305652856827
3.2155827432870865
4.714155495166779
3.936052769422531
3.020429313182831
4.216871559619904
3.130861073732376
2.9814594984054565
3.0324728041887283
4.804777652025223
3.398285061120987
3.08960173279047
3.590695783495903
2.929624542593956
3.723697289824486
3.642096370458603
3.224165216088295
3.2481785863637924
3.4858331084251404
3.8069677352905273
4.585264027118683
3.671569377183914
3.0447423458099365
2.881798893213272
4.0147510170936584
3.666562959551811
2.5933896005153656
3.3712810277938843
3.218389004468918
4.344794899225235
3.04391797631979
3.233686238527298
3.2767051458358765
3.630649745464325
3.6540916562080383
4.437103569507599
3.3312558382749557
3.438671976327896
4.056863188743591
3.217035233974457
3.256407305598259
3.0782855302095413
2.8952540457248688
3.140508234500885
2.8766053169965744
3.264995515346527
2.7600703574717045
3.752536326646805
3.612425997853279
3.359333798289299
3.41122105717659
2.9210757091641426
2.8164180740714073
3.849419057369232
2.919345572590828
3.958195745944977
3.3800165355205536
2.7089377120137215
3.313981667160988
3.970111310482025
3.893823027610779
3.97310271859169
4.145717620849609
4.743492305278778
3.331894874572754
3.5836175084114075
3.1385597586631775
3.4278473258018494
3.705061748623848
3.3480441570281982
3.390122801065445
3.0355368927121162
3.2492107897996902
3.3710679411888123
2.791378255933523
2.740626372396946
3.187815248966217
3.493008613586426
4.244445860385895
4.546511620283127
3.1796224415302277
3.7596575915813446
4.563078284263611
3.501177951693535
4.5161256194114685
2.93296430259943
3.3782774209976196
3.4847813099622726
3.3011992275714874
3.039657324552536
3.197515830397606
3.8822057843208313
3.3109574764966965
4.898785054683685
3.4968402981758118
4.108103513717651
3.5884112119674683
3.3208556473255157
3.422735035419464
3.2293280214071274
2.756846882402897
2.9344861954450607
4.0350086987018585
3.5767319798469543
3.3083590865135193
3.3399872481822968
3.267582431435585
3.0977333709597588
2.818095125257969
3.683447316288948
2.8957634419202805
3.543262630701065
3.7678635120391846
3.5950514674186707
3.4525058418512344
3.7384121865034103
4.0985144674777985
2.7265294454991817
3.3269870281219482
3.4604161977767944
3.583178073167801
3.625853508710861
3.2026616483926773
3.3551878482103348
4.4999560713768005
2.978265769779682
2.836446687579155
3.123072385787964
2.9244833067059517
3.468565344810486
3.8441917300224304
3.7304794788360596
3.2726700603961945
3.3329467475414276
3.635343238711357
3.11086505651474
4.068740010261536
4.162552356719971
3.8422569632530212
4.4754379987716675
4.026640951633453
2.9168784245848656
3.368411734700203
2.9625510424375534
4.377935528755188
2.7965186908841133
3.1766241788864136
2.8528081998229027
3.0850639194250107
3.214290291070938
3.1867562979459763
3.881782293319702
3.6428475379943848
2.8209244087338448
4.086918234825134
3.717571049928665
3.5782891511917114
3.3160101622343063
4.577480256557465
4.5667485892772675
2.9872654378414154
2.8467142209410667
2.766880542039871
2.499046023003757
2.7579455077648163
3.770821690559387
3.235872983932495
3.4605753421783447
3.316226825118065
4.582012891769409
3.186332732439041
3.5240937769412994
3.5217761993408203
3.445795848965645
3.237861841917038
3.4604784846305847
3.219818025827408
3.282848820090294
3.010001629590988
4.526703357696533
3.863367736339569
4.151563346385956
3.6810870468616486
3.2497404515743256
3.8309024274349213
3.76666858792305
3.3499615639448166
3.586082309484482
3.8917213678359985
3.567282110452652
3.1492146104574203
4.253578186035156
3.3674196898937225
2.806137837469578
2.896229922771454
3.2794729620218277
3.6401955783367157
3.280215784907341
3.707350343465805
3.551381528377533
2.940553091466427
2.9535436630249023
3.138590157032013
4.705817103385925
4.593148827552795
4.493167400360107
2.6692983135581017
3.2277053594589233
2.822730243206024
3.086138814687729
4.5007893443107605
3.733525276184082
3.1032054871320724
3.736264258623123
2.9491999745368958
3.1957322359085083
3.2246945053339005
3.8520094752311707
3.232513517141342
3.2762515544891357
4.40217912197113
3.191077560186386
3.4144194424152374
2.8069729544222355
3.376651406288147
4.023544192314148
3.888022005558014
3.9427751302719116
3.0895039066672325
3.1582847237586975
4.302282631397247
3.473382294178009
2.766357697546482
3.6137747019529343
3.7695379555225372
3.3084602653980255
3.1122107058763504
2.8025174140930176
3.6546628177165985
3.35666760802269
3.6878902465105057
3.552974760532379
3.6016861349344254
3.1481147557497025
3.9412422478199005
3.1916913390159607
3.8615185022354126
3.8664358854293823
3.6200423538684845
2.8894443437457085
4.683533608913422
4.208410680294037
3.5811737179756165
3.449392020702362
4.212149679660797
3.1898632645606995
3.7144194543361664
3.7623243033885956
3.235107511281967
3.547900766134262
3.839770257472992
3.06149173527956
3.286557048559189
4.678489565849304
3.2277093082666397
4.002497345209122
2.8405754268169403
3.222811371088028
3.128790855407715
2.811628468334675
3.3682460337877274
3.9439304172992706
3.3340947329998016
2.8560200333595276
4.108293801546097
3.200090527534485
3.305424079298973
3.4830425679683685
3.041829690337181
3.5050249099731445
3.136993423104286
3.6715005338191986
3.9774170517921448
3.6645015329122543
3.015991896390915
3.413954973220825
3.135208785533905
4.198247194290161
3.3198460936546326
3.111984357237816
3.3398616313934326
4.162012189626694
3.183448910713196
3.9770829677581787
3.127267137169838
3.501502200961113
3.545934110879898
3.1915535032749176
3.4113042056560516
3.452529087662697
4.37358021736145
3.5518063604831696
3.6665208637714386
2.9741238802671432
2.7239305526018143
3.0284573137760162
3.3681902289390564
3.2666031271219254
3.0841249972581863
3.2463715970516205
3.153710514307022
3.8976292312145233
3.2851749658584595
2.579792682081461
3.1040233373641968
3.6441493034362793
3.1510307639837265
3.1956499069929123
2.9393208771944046
4.55401137471199
2.6519388891756535
4.740913510322571
3.303212672472
2.9597800225019455
3.0475547909736633
3.867199718952179
2.6645882055163383
3.3042676001787186
3.261071667075157
2.5686888117343187
4.373698383569717
4.604472517967224
3.169083446264267
3.915155529975891
3.4949923306703568
3.363633304834366
3.1948272138834
3.5410038381814957
4.423278421163559
2.925262153148651
4.41224992275238
3.366422727704048
3.443526178598404
2.920108884572983
3.202420622110367
3.4400327503681183
3.8718879222869873
3.398609533905983
2.7224868163466454
4.578518569469452
2.670685239136219
3.805643320083618
3.450089693069458
4.6828266978263855
3.392239660024643
2.8557314723730087
2.8110039606690407
4.14173036813736
3.3990254998207092
4.648626744747162
2.9224344342947006
4.567566215991974
2.7893250808119774
2.74549663066864
3.2613784074783325
3.545028418302536
4.030571430921555
4.0527039766311646
3.422074317932129
3.6690526455640793
3.453937992453575
3.4076057374477386
4.518718719482422
3.0585626512765884
4.135103523731232
4.7213006019592285
2.8437187522649765
2.7006099559366703
3.409806042909622
3.0609723553061485
2.699134685099125
3.2329080253839493
3.4069939702749252
2.6921115815639496
2.499591107480228
4.470976293087006
2.8216928243637085
3.0952590703964233
3.23455274105072
2.9194989427924156
2.9237060621380806
3.3729782700538635
3.040550835430622
3.7730595469474792
3.5639847069978714
3.279244378209114
2.8919877856969833
2.6575188525021076
3.5722557455301285
3.2275087386369705
2.6133696362376213
3.9018437266349792
2.92140394449234
2.93124683201313
3.101828657090664
3.309068977832794
3.392709642648697
3.5659080743789673
3.38825523853302
2.680046036839485
3.8048404455184937
3.884638249874115
4.609337002038956
3.4475263208150864
4.399950951337814
3.744680732488632
3.8879674673080444
4.175274521112442
2.5530546670779586
3.5095345228910446
3.047332838177681
4.016616642475128
4.672480076551437
3.2774338126182556
2.612194363027811
3.6157209426164627
2.9160768166184425
4.309743940830231
3.8199497759342194
2.9551848769187927
4.036887586116791
3.624722957611084
4.379549026489258
3.216387629508972
4.072830528020859
3.4014614671468735
4.279391020536423
4.31734636425972
2.7162369526922703
3.4460989385843277
3.026345446705818
4.562060534954071
3.3646629750728607
3.316076844930649
2.726775109767914
3.009164333343506
3.2140979170799255
2.954424172639847
3.471491038799286
3.505887985229492
4.467407763004303
4.781427979469299
3.3525726944208145
3.9280878007411957
4.18249636888504
2.8707686066627502
3.978951722383499
4.217360317707062
3.590443432331085
3.36705818772316
4.225074052810669
4.431068301200867
2.940468266606331
2.987089082598686
2.9958707466721535
3.133229613304138
2.5587460957467556
3.0269965529441833
3.216251879930496
3.411204367876053
3.6520644277334213
3.0163663998246193
4.420248419046402
3.252684101462364
3.60251285135746
3.44138503074646
3.3244292438030243
4.587646424770355
3.789045214653015
3.65401029586792
4.68323290348053
4.399564564228058
3.2694657891988754
4.593506455421448
4.029783606529236
2.8261271119117737
3.160320818424225
2.9954002425074577
2.989145517349243
4.035269916057587
4.531190246343613
3.4294281899929047
4.301988482475281
3.709675297141075
4.66950923204422
2.9370077699422836
2.835719883441925
3.194914162158966
3.093077912926674
4.121229648590088
2.875870428979397
2.688990607857704
2.927267774939537
3.960895389318466
3.2994410395622253
4.3172672390937805
2.87481889128685
2.726253643631935
3.5037244111299515
4.899878352880478
2.3139995895326138
3.7547296285629272
3.3160528540611267
4.188354015350342
3.490882068872452
3.095462918281555
3.685283362865448
2.863479256629944
3.43798466026783
3.7385328859090805
3.142695128917694
4.906588494777679
3.470369055867195
3.551025837659836
3.999715745449066
3.1791482865810394
3.3584050834178925
3.608662039041519
4.570980668067932
2.94135645031929
3.2952622324228287
3.7216058373451233
3.39632049202919
3.1796591728925705
4.39288392663002
3.5306908935308456
3.6404500156641006
3.2508689165115356
3.405131846666336
3.1515801697969437
3.4500817209482193
3.3198460936546326
2.88816150277853
3.361380398273468
3.204975426197052
3.3088549971580505
3.178592622280121
3.013989143073559
4.2227548360824585
3.903747648000717
3.0558422580361366
3.2546809315681458
3.888022005558014
3.178987205028534
4.421817660331726
3.8281995058059692
2.9864289611577988
3.7761786580085754
4.087455868721008
3.358214423060417
3.2368972152471542
3.3151067048311234
2.7784809097647667
2.8990764543414116
3.5736560076475143
2.972509264945984
3.0636025220155716
2.7852606400847435
2.9683735594153404
4.562500715255737
3.6843694001436234
4.016163200139999
3.5617390275001526
4.173371344804764
3.252004384994507
3.711152970790863
3.50857250392437
3.2533110678195953
3.617542013525963
3.4223414212465286
3.3632978796958923
2.9169897735118866
3.2626917958259583
3.9248207211494446
4.349082708358765
3.581497073173523
3.05085726082325
3.4000182151794434
3.168809413909912
3.1858916580677032
2.709781751036644
2.9659010097384453
3.8455234467983246
4.3454645574092865
3.518107533454895
2.6838036067783833
4.027354717254639
3.3615587651729584
2.7223702520132065
3.339964970946312
3.100341632962227
4.402594715356827
4.9551646411418915
3.2287998497486115
3.0239827930927277
3.2171370834112167
4.497418105602264
3.107151910662651
2.7208126336336136
3.959289789199829
3.332408517599106
3.676467463374138
3.1423576921224594
2.9574596881866455
2.9864295199513435
3.254995495080948
3.397838845849037
3.1462281942367554
3.2220137119293213
2.7952437102794647
3.1753936409950256
4.205183684825897
3.400443345308304
2.969074323773384
3.3242573589086533
3.158968836069107
3.2260820269584656
3.5481203347444534
3.7632060050964355
3.064645677804947
3.9144667983055115
3.1353992223739624
3.2043376564979553
3.2304121553897858
3.4248513728380203
3.248107060790062
3.57919380068779
3.618064746260643
3.7510840594768524
2.5518271513283253
4.45794552564621
3.3101413398981094
3.1516175717115402
3.0213306844234467
3.5977008938789368
3.4877806901931763
3.5143107175827026
3.3283495157957077
3.2226289808750153
3.11374194920063
4.113555997610092
3.151826113462448
3.5377664119005203
4.021826684474945
3.3418843150138855
3.821142464876175
3.183891400694847
3.408203572034836
4.15957510471344
3.787890374660492
4.046030938625336
3.6424967646598816
4.221019744873047
2.893264666199684
3.043525777757168
4.377456307411194
3.7042637169361115
3.3640114963054657
4.312988817691803
3.068867325782776
3.2951509952545166
3.16740944981575
3.844914883375168
3.473382294178009
3.073844276368618
4.025731086730957
2.6641007512807846
3.1311271339654922
3.089151605963707
4.3783824145793915
4.203938990831375
4.150252640247345
3.07579405605793
3.0068953707814217
2.7940762042999268
3.3539721369743347
3.205386996269226
3.1942586600780487
3.4578145295381546
4.458235502243042
3.71653288602829
4.103905111551285
2.70350094884634
2.4092484824359417
3.5577503591775894
4.732702672481537
4.38883513212204
2.9983684420585632
3.188428282737732
3.2760418951511383
3.200111612677574
4.457909315824509
4.158545136451721
3.1118061020970345
3.3571749180555344
3.0373941734433174
3.466581031680107
3.361380398273468
4.535280764102936
4.504045993089676
3.191157430410385
2.845030501484871
3.321217894554138
2.933734394609928
3.4497448801994324
3.516724705696106
2.9781094193458557
4.512520879507065
4.226612746715546
3.403482958674431
3.4189458191394806
3.2360507547855377
4.362864047288895
3.6035680770874023
3.1515581160783768
2.977968379855156
4.083838164806366
3.1109504029154778
4.35922235250473
2.9539282619953156
3.4709323942661285
3.2848800718784332
3.15131813287735
3.9019878208637238
4.315980076789856
3.61339308321476
3.1299418210983276
2.9910628497600555
3.9217278361320496
3.5977301746606827
3.1713244318962097
4.401426613330841
3.5350172221660614
2.692225705832243
3.5507507622241974
3.1627270579338074
2.891038954257965
3.897319883108139
3.656168431043625
3.260696157813072
3.595510497689247
4.164921045303345
3.146977648139
3.222929835319519
3.2259412109851837
4.595960378646851
4.811066687107086
4.023491591215134
2.8393732756376266
2.9241089522838593
3.5013142228126526
4.567170143127441
3.959394693374634
3.0646061152219772
2.5827794149518013
3.091321662068367
3.349258601665497
4.025127291679382
2.951444089412689
3.3416657894849777
4.455884099006653
3.7890243530273438
2.6282283291220665
2.6422246359288692
3.463667780160904
3.169427812099457
3.0267801880836487
3.2162313163280487
3.2752591371536255
3.2299739122390747
3.5955430567264557
2.835542783141136
3.2174652814865112
3.1459154188632965
4.7140392661094666
3.2900121808052063
4.793231636285782
3.825090229511261
2.6509776152670383
3.9930039644241333
4.43001002073288
3.8465291261672974
3.5930779576301575
3.0096907168626785
3.752358853816986
4.963034242391586
3.6713986098766327
4.326807260513306
3.0904411524534225
3.266129344701767
3.202334940433502
3.7111791223287582
3.1629690527915955
3.3411405980587006
4.579774439334869
3.446359783411026
3.2074488699436188
3.18529412150383
3.8963553309440613
3.3226802945137024
4.346568137407303
4.679806232452393
3.367333859205246
3.173290342092514
3.8031278550624847
3.7119660526514053
3.0804966390132904
3.1442421674728394
4.405193328857422
3.1455200910568237
3.4935472160577774
3.8205884397029877
3.310427814722061
4.286569803953171
3.684791773557663
2.7946240454912186
3.067661300301552
3.7522824108600616
2.933998368680477
3.1060032919049263
2.9864753037691116
3.4771381318569183
4.599897861480713
3.914983570575714
2.9369748383760452
2.9670579731464386
3.2106533646583557
2.911139130592346
3.968382626771927
4.668098539113998
4.154645502567291
2.8654341399669647
3.101724572479725
4.630414694547653
3.6161234974861145
3.6556706577539444
3.16482275724411
2.8070224076509476
3.1106269732117653
2.749405149370432
4.372397065162659
3.054916188120842
3.526136428117752
4.187046438455582
4.276172071695328
4.578147232532501
3.6773527413606644
2.9169849678874016
2.8949809819459915
2.968640625476837
3.0805180966854095
3.994167149066925
4.609995633363724
3.4082642197608948
2.995164543390274
3.1079159304499626
2.5762238167226315
2.3800707142800093
3.958321362733841
4.203038811683655
3.264591097831726
3.189498782157898
3.351353257894516
3.0713532865047455
3.794507682323456
3.020651303231716
2.9216206818819046
2.764067407697439
3.669659271836281
3.1531960517168045
3.20493683218956
4.782399982213974
3.1776054948568344
4.1813912987709045
3.923555761575699
3.5070811212062836
2.7181964367628098
2.9432619735598564
3.185810297727585
2.975907027721405
2.8489844128489494
3.320908695459366
3.8207635283470154
3.9277468621730804
4.731888175010681
4.148772358894348
3.4647148847579956
4.04357522726059
3.2294635474681854
2.7846918255090714
3.6656565964221954
3.3014213293790817
2.860800288617611
3.5187654197216034
3.6316731572151184
3.0790110677480698
4.2064231634140015
3.047935664653778
3.686271458864212
3.141716495156288
3.797767460346222
3.33009272813797
3.5168814659118652
3.477742224931717
4.604543894529343
4.04780238866806
4.004918932914734
3.8094034790992737
3.5899626463651657
3.312899172306061
4.041752219200134
3.86316254734993
3.556501418352127
3.7580953538417816
3.8171446323394775
2.943512871861458
2.9015158116817474
3.9830084145069122
3.4112316370010376
3.400723412632942
3.6238157749176025
3.7122302502393723
3.4228523075580597
3.5548218339681625
4.458756893873215
4.058898091316223
3.063310720026493
3.437909707427025
2.9263242706656456
3.242095708847046
3.566272556781769
2.7941782027482986
3.972824811935425
3.558162972331047
3.2070909440517426
4.208907783031464
2.907908894121647
3.415476232767105
4.142402410507202
3.1124284118413925
3.346947506070137
3.7663431465625763
3.1051621586084366
4.345675706863403
3.240882158279419
2.896859720349312
3.1943174451589584
2.9010451585054398
3.441501036286354
3.2153770327568054
3.2550853490829468
4.6389660239219666
3.3527305722236633
3.076668567955494
3.3194711804389954
3.8383035361766815
2.9668747261166573
2.6817038655281067
2.7237609401345253
2.9003306478261948
3.1868664920330048
3.3752264082431793
3.7807437777519226
2.9727407544851303
3.8522958755493164
4.934602081775665
3.9791470766067505
4.762735664844513
4.418802559375763
4.330867230892181
4.9163177609443665
3.119342550635338
3.2949934899806976
2.8884954005479813
4.159063845872879
2.6833295077085495
4.421672224998474
3.961769938468933
2.986488938331604
3.043908402323723
4.155417084693909
3.3670759946107864
2.991149351000786
3.4941466152668
4.018971174955368
4.502839297056198
4.72784548997879
4.337523579597473
3.936045318841934
4.242703467607498
3.7565675377845764
2.6417385041713715
3.2406246662139893
3.541988283395767
4.437438249588013
3.766663372516632
2.7909495308995247
3.9462213218212128
3.1317298114299774
4.142336398363113
3.5128405690193176
3.2186558842658997
3.412102609872818
3.723856657743454
3.2429977506399155
3.2264944911003113
2.696089819073677
3.5613346099853516
3.799508213996887
3.395024985074997
3.098328337073326
3.4288324415683746
3.321172222495079
2.7809749357402325
2.591519085690379
3.425663858652115
3.7002116441726685
3.580032140016556
4.317409992218018
3.0452217161655426
3.554428070783615
3.5382162034511566
3.6093035340309143
4.595607966184616
3.4842413663864136
2.8916506469249725
3.4989133477211
4.000193476676941
3.9469100534915924
2.914312332868576
2.756306380033493
3.072134479880333
3.306589126586914
3.1376445293426514
3.6241628229618073
3.3453184366226196
3.349364250898361
3.237982764840126
2.7069254778325558
4.440969228744507
2.99893107265234
3.1035909056663513
3.2765812426805496
3.2193225622177124
3.123016431927681
2.789937276393175
3.2690683007240295
2.980046235024929
3.50125715136528
3.7068618834018707
3.4213919192552567
3.256015405058861
4.231137633323669
2.869182750582695
2.7229639515280724
3.6125490069389343
2.925909422338009
3.951781541109085
4.326848983764648
3.254043012857437
4.66263473033905
4.508015513420105
2.969878949224949
2.9675941169261932
3.6168544739484787
3.8487377762794495
3.267292231321335
2.568944599479437
3.4507593512535095
3.3836838603019714
3.0379335582256317
2.9673177003860474
3.2375168800354004
3.2411324977874756
3.0230457708239555
3.555673658847809
3.558395504951477
3.7046362459659576
2.497597374022007
3.9819274842739105
3.056698553264141
3.281814455986023
3.548111319541931
2.9358218982815742
2.9079661145806313
2.7658098563551903
3.1672655045986176
4.333755671977997
3.4024684131145477
3.68210569024086
3.8675549626350403
3.6822234094142914
3.189302384853363
4.086918234825134
3.480716422200203
2.927822768688202
3.8962267339229584
3.5871709883213043
4.534917622804642
3.4166306257247925
3.1894277781248093
2.762041315436363
4.278764426708221
4.234321415424347
3.610621392726898
2.8860874101519585
4.459240883588791
3.298093304038048
3.7186728417873383
3.7156547605991364
3.996816575527191
3.482852876186371
2.936789318919182
3.083847239613533
3.2397423684597015
4.01518389582634
3.4399794042110443
3.659454435110092
3.664979860186577
3.352661430835724
2.7751255221664906
3.1898105144500732
3.9915062487125397
4.554144740104675
3.372354432940483
2.6997306384146214
3.3210936188697815
3.254442512989044
3.326498046517372
3.627333641052246
3.1892942637205124
3.7091921269893646
3.163406401872635
4.698845446109772
3.7194018065929413
3.32407683134079
4.727367162704468
3.7851178646087646
3.055770806968212
3.8444140553474426
2.806131411343813
3.249208852648735
3.7017568200826645
3.042825646698475
2.8297780081629753
2.9322994500398636
4.742962270975113
4.0056416392326355
2.9552070423960686
3.1402404606342316
