4.5707714557647705
4.99669685959816
5.000000298023224
4.363220930099487
4.542758464813232
4.7411975264549255
5.0
4.932220876216888
4.036475121974945
4.496435225009918
4.579812735319138
4.782755076885223
4.916387051343918
3.0502574518322945
4.996619820594788
4.759339988231659
4.203542917966843
4.84680712223053
4.980135560035706
4.714951813220978
4.993455111980438
4.913095831871033
2.530755982734263
4.60771769285202
3.148046135902405
4.944688826799393
4.993256479501724
4.441316723823547
4.767347276210785
4.626086950302124
4.784432053565979
4.95532363653183
4.406925439834595
4.756162464618683
3.987441062927246
4.900751411914825
4.958949983119965
4.983041882514954
4.952507019042969
4.06981959939003
4.97815877199173
4.477111399173737
2.728990465402603
4.834872186183929
4.867843687534332
4.942406862974167
4.683859646320343
4.983530044555664
3.65331694483757
2.829877771437168
4.8985108733177185
5.0
4.877060651779175
4.888887107372284
4.729471504688263
4.28457498550415
4.390743970870972
4.697095155715942
4.8350077867507935
4.9839067459106445
4.940869212150574
4.9099308252334595
4.701448678970337
4.812392443418503
4.871100634336472
4.6907126903533936
4.928303360939026
4.251424968242645
4.754839241504669
4.938289374113083
4.317564964294434
4.666652530431747
3.671049475669861
4.774100482463837
4.385280609130859
5.000000298023224
4.896558523178101
4.875122010707855
4.6980926394462585
4.425671845674515
4.915076792240143
5.0
4.867843687534332
4.651544392108917
4.860869497060776
4.960770010948181
4.283869564533234
4.83926922082901
4.680824875831604
4.728421568870544
4.967792332172394
4.997179061174393
5.0
4.778657555580139
3.168230280280113
4.692346602678299
4.698550701141357
4.647370874881744
4.380662441253662
4.864183068275452
4.877192378044128
4.690984338521957
4.7106049954891205
4.554910063743591
3.710302412509918
4.986264556646347
3.6702366918325424
4.749868810176849
4.940348565578461
4.689733684062958
4.985545873641968
4.8953551054000854
4.894459843635559
5.0
4.812392443418503
4.686715602874756
4.985247850418091
3.8364219665527344
4.947779476642609
4.957088977098465
4.960248023271561
4.950655847787857
4.939097166061401
4.717020094394684
4.756370186805725
4.868631660938263
4.975991100072861
4.988058358430862
4.771619141101837
4.738092720508575
4.938943088054657
4.777133017778397
4.94720458984375
4.1740018129348755
2.74641465395689
4.48945164680481
4.456841349601746
4.909205734729767
4.987512528896332
4.6960315108299255
4.9784548580646515
4.645199775695801
4.707233905792236
4.790903627872467
3.98036390542984
4.873834252357483
5.000000596046448
4.558703005313873
4.64306116104126
4.807468354701996
4.881009012460709
4.922987073659897
4.629463702440262
4.8288594186306
4.793820083141327
4.139861315488815
4.516185820102692
4.9276235699653625
4.948854446411133
3.8267478346824646
4.805602431297302
5.000000596046448
4.9408820271492
4.299503564834595
4.969160705804825
4.915359020233154
4.999999701976776
4.948815703392029
4.810921251773834
3.0451513826847076
3.906475603580475
4.272234886884689
4.740362167358398
4.948796629905701
4.969298839569092
4.575433433055878
4.838263094425201
4.292273074388504
4.977860897779465
4.9947817623615265
4.96948778629303
4.949535429477692
4.965966641902924
4.800216853618622
4.2404258251190186
4.951416552066803
4.895137846469879
4.98290479183197
4.4334933161735535
4.386328756809235
4.769202768802643
4.415916204452515
2.621381487697363
3.904326409101486
4.584229439496994
4.833472669124603
4.932180941104889
4.906579852104187
4.723193049430847
5.0
4.678440093994141
4.901375025510788
2.7523297630250454
4.334149956703186
4.421184957027435
3.165362924337387
4.913995116949081
3.49599152803421
4.566469490528107
4.785779118537903
4.874958693981171
5.000000596046448
4.8356738686561584
4.790549427270889
4.882290065288544
4.909725934267044
4.38962385058403
4.3378946185112
3.2415226101875305
4.4619713723659515
4.934587627649307
4.048123061656952
4.815898388624191
4.748781323432922
4.3078771233558655
4.918831884860992
4.66024711728096
3.06631188839674
4.4335755705833435
4.076183885335922
4.93344247341156
4.876677095890045
3.8446438312530518
2.3780233785510063
4.90011066198349
3.5259169340133667
4.717744588851929
4.918686747550964
4.865879416465759
5.000000298023224
4.985286593437195
4.936515986919403
4.550709575414658
4.418763816356659
5.000000596046448
4.958620965480804
4.742743223905563
4.925277829170227
4.716833382844925
4.8495230078697205
4.9495044350624084
4.71764013171196
4.824838936328888
4.7533345222473145
4.848930090665817
3.322741612792015
4.39036101102829
4.2654454708099365
4.871100634336472
3.9619246125221252
4.84021469950676
4.998153746128082
4.7785139083862305
4.998783320188522
4.937257617712021
2.9606229439377785
4.971538037061691
4.655861109495163
4.737389087677002
4.907333552837372
4.999999552965164
4.936558306217194
4.9146826565265656
4.44486603140831
4.163765907287598
4.496652185916901
4.999999850988388
4.99733030796051
4.35779795050621
4.844946712255478
4.869294166564941
4.575806260108948
4.89893302321434
4.571322798728943
4.925574064254761
4.8088139295578
4.693754017353058
4.999999552965164
4.9043940007686615
3.9561164379119873
2.9864295572042465
4.867031276226044
3.3630506694316864
4.957419037818909
4.717039167881012
4.703918844461441
4.999999552965164
4.464520066976547
3.2601337879896164
4.212745726108551
4.673316031694412
4.92568626999855
4.794538915157318
4.9954840540885925
4.610088616609573
4.924266338348389
4.643847197294235
4.883737117052078
4.581004977226257
4.757625609636307
4.860869497060776
4.485427439212799
4.887889921665192
4.942974150180817
4.802367240190506
4.625603258609772
4.4232407212257385
4.766036570072174
4.688304960727692
4.838657379150391
4.7024476528167725
4.859687983989716
4.216377884149551
4.861452579498291
4.661325812339783
4.7780174016952515
4.703657329082489
4.632079303264618
4.914137125015259
4.455019980669022
4.628505706787109
3.0786826834082603
4.366716742515564
3.0212081596255302
4.69210684299469
4.130986928939819
4.996944814920425
4.865357279777527
3.934306800365448
2.847680225968361
4.562968611717224
4.236432909965515
4.482082426548004
4.876699298620224
5.0
3.570265620946884
5.000000298023224
4.965319931507111
4.88640695810318
4.866861999034882
4.488624930381775
5.000000298023224
4.847829043865204
4.848993420600891
4.724218547344208
4.500495195388794
4.99735951423645
4.999999850988388
4.55159604549408
4.246358573436737
4.669428169727325
4.744182080030441
2.776946909725666
3.8758477568626404
4.8456791043281555
4.960358440876007
4.841078519821167
5.000000298023224
4.6884918212890625
4.947462677955627
4.9940526485443115
3.9429116249084473
4.0027816593647
4.871460944414139
4.697589874267578
4.823958575725555
4.384832084178925
5.000000596046448
4.700170159339905
4.958647936582565
4.968984872102737
4.983671456575394
4.82226088643074
4.695598781108856
4.86024409532547
2.5271341134794056
4.756212532520294
4.901617467403412
4.432628750801086
4.76095974445343
4.9833522737026215
4.866112172603607
4.59432989358902
4.963200688362122
4.512270092964172
4.44337785243988
4.921852350234985
4.849303066730499
4.679620862007141
4.944381415843964
2.9884789884090424
4.9620069563388824
4.991200119256973
4.9754393100738525
4.395469129085541
4.864183068275452
4.965845942497253
4.881772547960281
4.3787407875061035
4.8243290185928345
4.817621111869812
4.000398218631744
4.981811046600342
4.894461631774902
4.667517244815826
4.622250497341156
4.732459783554077
4.981495440006256
4.785836338996887
4.892225414514542
4.384245276451111
4.851494133472443
5.000000298023224
5.000000298023224
4.6362558007240295
4.49225127696991
4.703243374824524
4.531630277633667
5.000000596046448
4.575592875480652
4.9262747168540955
4.965319931507111
4.985597133636475
4.939793944358826
4.339575320482254
4.940618276596069
4.575243294239044
4.731239974498749
4.8743051290512085
4.988952577114105
3.125166818499565
5.0
4.917438477277756
4.9186475574970245
4.78773757815361
4.9416786432266235
4.593887180089951
4.057817757129669
4.955514371395111
3.0656368657946587
4.078771322965622
4.927220046520233
3.709065765142441
4.937352687120438
4.766036570072174
4.204355776309967
4.86322209239006
4.445505738258362
5.000000596046448
3.988252878189087
4.879408180713654
5.000000596046448
4.90011066198349
4.26537960767746
4.8977139592170715
4.867031276226044
4.815012961626053
4.932330548763275
4.589828699827194
4.97831255197525
4.7865355014801025
3.544629067182541
4.871225655078888
4.951513558626175
2.936086654663086
4.176357388496399
4.683716744184494
4.827849566936493
4.864581525325775
5.0
4.762728214263916
4.175076931715012
4.446774125099182
4.814644157886505
4.273465871810913
4.573664963245392
4.846333712339401
5.000000298023224
4.874043017625809
4.905209690332413
4.19892281293869
4.646206200122833
3.9484600722789764
4.934519827365875
4.9793970584869385
4.6067875623703
4.664148986339569
5.0
3.1317703425884247
4.976884126663208
5.0
4.88870233297348
4.999999850988388
4.876299500465393
4.992028176784515
4.814544916152954
4.845808297395706
4.945472776889801
4.8100559413433075
4.75992888212204
4.922492057085037
4.984562397003174
4.502270668745041
4.848738312721252
4.769111275672913
4.94720458984375
4.619857668876648
4.915594905614853
4.3898239731788635
4.921028763055801
4.917931854724884
4.531361907720566
4.982202649116516
4.86362487077713
4.883056730031967
4.590242654085159
4.366553723812103
4.9048154056072235
2.8816664591431618
4.754976332187653
4.9158839881420135
4.906785935163498
4.329875707626343
3.2723160088062286
4.801408648490906
5.000000298023224
4.980318248271942
4.253864139318466
4.417218714952469
4.689494073390961
4.9379196763038635
4.946264177560806
4.815223813056946
4.911900758743286
4.916363954544067
4.808763861656189
4.174766838550568
4.9539364874362946
4.784046411514282
4.735819101333618
4.800166189670563
3.7078868597745895
4.85199436545372
4.995959550142288
4.369100034236908
4.987453669309616
4.964230060577393
4.844414293766022
4.874725341796875
4.928813278675079
4.8855069279670715
4.8577748239040375
4.9034059047698975
4.602179080247879
5.0
4.712805896997452
4.318685829639435
4.963798522949219
4.839749336242676
4.964176267385483
4.71171498298645
4.983921647071838
4.667574316263199
4.896334409713745
4.968575090169907
4.967605024576187
4.692077040672302
4.429663568735123
3.7330107390880585
5.0
4.8466455936431885
5.000000298023224
4.851516485214233
4.473932683467865
4.885676950216293
4.660451412200928
4.284163415431976
4.852201044559479
5.000000298023224
4.92924764752388
4.872370511293411
4.455713480710983
4.978222846984863
4.882999062538147
4.612762928009033
4.619635492563248
4.354330152273178
4.946947693824768
4.792923778295517
4.899111390113831
4.676903188228607
4.605137258768082
4.999999850988388
4.241421222686768
5.0
4.798402488231659
4.143750369548798
4.690519571304321
4.9367813766002655
4.925915747880936
4.919633120298386
4.321924149990082
4.052976369857788
5.0
4.600549936294556
3.568284660577774
4.975641369819641
4.425713121891022
4.87992599606514
4.775359630584717
4.981269389390945
4.817027747631073
4.906335473060608
4.9837177991867065
4.632277190685272
4.8485395312309265
4.951058924198151
4.479708969593048
4.930009096860886
4.416357576847076
4.878612607717514
5.0
5.000000298023224
4.132961332798004
4.048123061656952
5.0
4.889786541461945
4.267710745334625
3.852284848690033
3.7161220610141754
4.758927971124649
2.901161313056946
4.805682599544525
3.816666007041931
4.763174653053284
4.769020974636078
4.824162125587463
4.231753200292587
4.277295619249344
4.6336305141448975
5.0
4.688304960727692
3.82177010178566
4.91988867521286
4.892510771751404
4.668791592121124
4.991474747657776
5.0
4.885903596878052
4.987537860870361
4.531697034835815
4.889237582683563
4.89716961979866
4.744104743003845
4.276361763477325
4.321924149990082
4.117280542850494
4.760122299194336
4.8778799176216125
4.99531626701355
4.535828232765198
5.0
4.84259694814682
4.951092898845673
4.512270092964172
5.0
4.490199983119965
3.1932243704795837
4.864997416734695
2.855209745466709
4.999999850988388
4.799084365367889
4.97815877199173
2.996850833296776
4.178610742092133
4.5989686250686646
3.547038659453392
4.764001965522766
4.989176392555237
4.845532178878784
3.7651419639587402
4.1944719851017
4.943623244762421
4.971372485160828
4.377860724925995
4.902808368206024
4.900130033493042
5.000000298023224
3.697948008775711
4.76340115070343
4.701280742883682
5.0
4.917497485876083
4.517245441675186
4.612051546573639
4.894421100616455
4.8428937792778015
4.696649461984634
4.8809318244457245
4.895122945308685
4.519837200641632
4.951475560665131
4.991683512926102
4.315766990184784
4.637504667043686
4.9709054827690125
5.0
4.812529981136322
4.855603873729706
4.846276789903641
3.786231577396393
4.766877740621567
3.752451092004776
4.37277615070343
4.546830058097839
4.985561668872833
4.950806349515915
4.2404258251190186
4.6458423137664795
4.844973236322403
4.933785647153854
2.9930489882826805
4.091732203960419
4.873015284538269
4.949529320001602
2.897121235728264
4.612658321857452
4.917323887348175
3.2885749638080597
4.850924462080002
4.07759964466095
4.900130033493042
4.952769726514816
4.212347120046616
4.98555913567543
4.583287239074707
5.0
4.848301410675049
4.72953662276268
5.000000596046448
4.87578958272934
4.833270758390427
4.834587723016739
4.0228575468063354
4.526204764842987
4.9186475574970245
4.760802388191223
4.863214790821075
4.212730228900909
4.983530044555664
4.807434529066086
4.9556052684783936
4.869364500045776
4.914110600948334
4.35506135225296
4.689032733440399
4.748858660459518
4.95124489068985
4.825299382209778
4.973302483558655
4.935304522514343
3.5259169340133667
4.842872619628906
4.860664755105972
4.385203719139099
4.7543856501579285
4.003133177757263
4.726804196834564
4.792734235525131
4.97744157910347
4.656162708997726
4.863189458847046
4.924745559692383
5.000000596046448
5.0
4.731946587562561
4.199593365192413
4.704366773366928
4.196662753820419
4.606761634349823
5.0
4.778856635093689
3.0756037309765816
4.853951632976532
4.886544048786163
4.5878031849861145
4.756699353456497
4.968339651823044
4.866072833538055
4.842241406440735
4.483654797077179
4.835273027420044
4.977151304483414
4.602179080247879
4.985019117593765
4.797245115041733
2.8018632903695107
4.727366119623184
4.739542603492737
2.9295170307159424
4.990427643060684
5.000000298023224
4.827139973640442
3.0335719883441925
4.914255440235138
4.318572580814362
5.000000298023224
4.84100341796875
4.892676621675491
4.368634819984436
3.9117497205734253
3.2102374732494354
5.0
4.837734699249268
4.784713387489319
4.878124892711639
4.620646685361862
4.694348573684692
5.000000596046448
4.810152649879456
4.835083484649658
4.915259033441544
4.859766364097595
4.83071967959404
4.819596856832504
4.887268096208572
4.918831884860992
5.000000298023224
4.972555786371231
4.689494073390961
4.621370583772659
4.918634295463562
4.824591279029846
4.8821574449539185
4.971759468317032
3.7132658064365387
4.705473631620407
4.759305715560913
4.829810261726379
4.800048768520355
4.267571866512299
4.507253915071487
5.000000298023224
4.852420687675476
4.909265786409378
4.752404540777206
4.984031617641449
4.99090313911438
4.742743223905563
4.610126316547394
5.0
4.531198889017105
4.133689105510712
4.4939106702804565
4.852918386459351
5.000000298023224
4.930623769760132
4.245218336582184
4.574509710073471
4.7629812359809875
4.530277252197266
4.97785359621048
4.891952872276306
4.975268989801407
4.872453063726425
4.651173651218414
4.261238723993301
4.486668407917023
4.952345788478851
4.281345903873444
4.034549295902252
4.88409161567688
4.824838936328888
2.5752558652311563
4.830142557621002
4.9458009004592896
4.983567297458649
4.967571496963501
5.000000596046448
5.000000298023224
4.632277190685272
4.8466455936431885
4.794051647186279
4.892225414514542
4.772555828094482
4.935867786407471
4.973500818014145
4.656331837177277
4.839288145303726
4.962033927440643
4.625695645809174
4.971817135810852
4.989439845085144
4.82685774564743
4.39436674118042
4.228879511356354
4.279347360134125
4.793393611907959
5.000000298023224
4.763822257518768
4.8454806208610535
5.0
2.535144053399563
4.819846451282501
4.4510819017887115
4.429407715797424
4.547760188579559
3.192983567714691
4.910628795623779
4.470983445644379
4.644116163253784
4.896892458200455
4.95990976691246
4.94474396109581
4.726654589176178
2.8065718710422516
4.880973398685455
4.397259056568146
2.949981391429901
4.840053021907806
4.713466316461563
4.859007894992828
4.7776079177856445
4.704024493694305
2.535752020776272
4.584500044584274
4.704423546791077
5.0
4.473005831241608
4.954641163349152
3.091871924698353
4.927220046520233
4.762865304946899
4.731920808553696
4.893230497837067
4.720069468021393
4.781776517629623
4.975618869066238
4.788810461759567
3.071187250316143
4.993037432432175
2.5362201407551765
4.714170396327972
4.999999850988388
5.0
5.0
4.763174653053284
4.576981365680695
4.612051546573639
4.983547180891037
4.46378767490387
4.747607260942459
4.517349898815155
4.760314971208572
2.713165357708931
4.83772873878479
4.738688170909882
4.789542555809021
4.865172058343887
4.891770929098129
4.626526236534119
5.0
4.381514191627502
4.868912100791931
4.437230825424194
4.544206857681274
4.934029281139374
5.0
4.508918821811676
4.912230968475342
5.0
4.893337190151215
4.583541750907898
4.657021313905716
4.913620352745056
4.7820839285850525
4.441236257553101
4.196452498435974
3.050098568201065
4.987219274044037
3.209512233734131
3.4312160313129425
4.383126497268677
4.9158839881420135
3.5478703677654266
4.878498911857605
4.702749103307724
4.766459763050079
3.6925140023231506
4.636108875274658
4.911126792430878
4.973804801702499
5.000000596046448
4.574958384037018
4.877827614545822
4.891550838947296
4.866178184747696
4.768284261226654
4.9446894228458405
4.7513918578624725
4.610126316547394
5.0
4.990979731082916
4.154897034168243
4.64365154504776
4.570103287696838
4.611739367246628
4.666979610919952
4.786406755447388
4.864082634449005
2.8246289864182472
4.719482362270355
4.761127531528473
4.4314926862716675
4.502270668745041
4.353722631931305
4.708664268255234
4.437566101551056
4.90242525935173
4.778924882411957
4.407784044742584
4.475114345550537
4.390663355588913
4.766435027122498
4.980554580688477
3.37121419608593
4.979270100593567
4.997133761644363
4.891036301851273
3.7793517112731934
4.743045419454575
4.963614791631699
4.040045440196991
4.985394477844238
4.818746447563171
4.739038646221161
4.973265826702118
4.9175164103508
4.60771769285202
4.779471755027771
4.935061037540436
4.395521283149719
4.87158477306366
4.856358021497726
4.642852246761322
5.000000298023224
4.386417269706726
2.7415866032242775
4.339112490415573
4.778185486793518
4.875370562076569
4.647370874881744
4.788459241390228
4.798402488231659
4.7106049954891205
4.130900800228119
4.996100068092346
4.973787814378738
4.999999850988388
2.643923284485936
5.0
4.8818981647491455
4.821481108665466
4.61215078830719
4.851662218570709
4.842872619628906
4.935076087713242
4.766128063201904
4.878188967704773
4.462408423423767
4.174259305000305
4.972085952758789
4.789490103721619
4.731239974498749
5.0
4.886202812194824
4.62970107793808
5.000000596046448
4.813161492347717
5.0
4.788545668125153
4.665156602859497
4.809423536062241
4.501914083957672
4.827069640159607
5.0
4.83285129070282
4.9665626883506775
4.990979731082916
4.955565333366394
5.0
4.9511875212192535
4.722069948911667
4.744104743003845
4.581124186515808
4.631088674068451
4.707856178283691
4.851851314306259
4.291139245033264
4.628534913063049
4.679487198591232
4.948883056640625
5.000000298023224
4.536010324954987
4.208381325006485
4.842472821474075
4.882777631282806
4.9620069563388824
5.000000596046448
3.0750171095132828
4.778233617544174
4.962831735610962
4.9544379115104675
3.651241511106491
4.855761826038361
4.651544392108917
4.877192378044128
4.994835406541824
4.6559059619903564
4.924468994140625
4.562283009290695
4.683726578950882
4.999999701976776
4.815898388624191
4.679487198591232
5.0
2.4153402633965015
4.789490103721619
4.190342873334885
4.226958304643631
4.369100034236908
4.94083046913147
4.224029183387756
4.819808006286621
4.915961027145386
4.976680725812912
4.459961652755737
5.0
4.861266016960144
4.848993420600891
3.956076353788376
3.469170033931732
2.8404930979013443
4.941913336515427
4.304756075143814
4.75742369890213
4.864155054092407
4.901923835277557
4.782348424196243
4.08005028963089
4.986674785614014
4.88483339548111
5.0
4.839288145303726
4.438326060771942
4.224904477596283
4.583129435777664
4.768284261226654
4.12595272064209
4.6458423137664795
4.921360015869141
3.5569342970848083
4.848930090665817
4.806952178478241
4.97155025601387
2.4141089245676994
4.445505738258362
4.981811046600342
4.999999850988388
4.366188943386078
4.527272284030914
4.860440194606781
5.000000298023224
4.583541750907898
4.665156602859497
4.905684292316437
4.908808171749115
4.409536123275757
4.956633895635605
4.6923090517520905
3.192983567714691
4.673057794570923
4.963442087173462
4.999999701976776
5.000000298023224
4.256680458784103
4.791449308395386
4.846276789903641
4.904473572969437
4.926133900880814
4.780063182115555
4.587143063545227
4.790205806493759
4.980793595314026
4.830760955810547
3.2976049184799194
4.577277302742004
4.841982871294022
4.646125137805939
4.670310020446777
4.681015908718109
4.3971869349479675
4.475114345550537
4.949062466621399
4.870889782905579
4.895122945308685
5.000000596046448
5.000000298023224
5.0
4.814644157886505
4.5942652225494385
4.892079383134842
4.604496657848358
4.926846474409103
4.531198889017105
4.893821328878403
4.92860347032547
4.9820877611637115
4.86892968416214
4.897030293941498
4.999999850988388
4.790536612272263
4.824931025505066
4.567753821611404
2.987687736749649
4.852357655763626
4.999999850988388
4.697203636169434
4.284647703170776
4.761306196451187
4.3086181581020355
4.678624868392944
4.960415959358215
4.600529074668884
2.8962473571300507
4.98683363199234
4.175076931715012
4.893355667591095
3.5300911962985992
5.0
4.87543523311615
4.988573044538498
4.2145755887031555
4.7384655475616455
4.687476605176926
4.9981799721717834
4.9573445320129395
4.843157231807709
4.873443841934204
4.543795138597488
4.952922463417053
4.937073886394501
4.485427439212799
4.803413897752762
4.10311222076416
4.696884751319885
4.934744834899902
4.307265281677246
4.632704704999924
4.58572119474411
4.414463192224503
4.6336305141448975
4.522631466388702
4.963912665843964
4.765063524246216
4.051443040370941
4.91529643535614
4.9942706525325775
4.636108875274658
4.812445491552353
3.964575231075287
4.71310168504715
4.4736164808273315
4.8528605699539185
4.978274703025818
4.86451119184494
2.9736775904893875
4.895541667938232
4.116923213005066
3.8615642488002777
4.385177940130234
4.975261688232422
4.673316031694412
4.541117250919342
5.0
4.079615026712418
4.920741766691208
3.8350626826286316
4.336788356304169
4.122442305088043
4.939526617527008
4.701523780822754
4.709962606430054
4.401099681854248
4.9724893271923065
4.574509710073471
4.576981365680695
4.767347276210785
4.9252849817276
4.778185486793518
4.853486120700836
3.022165782749653
4.86252561211586
4.732268750667572
4.999999701976776
4.780986458063126
4.979733377695084
4.809252023696899
4.454154521226883
4.789600670337677
4.92930069565773
4.834815859794617
3.8737106323242188
5.000000298023224
4.805665612220764
2.690760772675276
4.889781028032303
4.661691188812256
4.990113377571106
4.962815940380096
4.648211747407913
4.299903213977814
4.800048768520355
4.987453669309616
4.254470467567444
4.955543875694275
4.367707520723343
5.000000298023224
4.65727224946022
4.772329926490784
4.742745757102966
4.295729994773865
3.0765676125884056
4.483372271060944
4.891436994075775
4.437591731548309
4.75992888212204
4.560471624135971
3.6395004391670227
4.956141412258148
4.860631823539734
3.7161220610141754
4.996671825647354
4.705930054187775
4.960612952709198
5.0
4.134147465229034
4.949163496494293
4.82226088643074
5.000000298023224
4.521617889404297
4.899298697710037
4.704366773366928
4.704896807670593
4.726029336452484
4.729666113853455
4.956634342670441
4.7795569896698
2.929915525019169
4.670310020446777
4.9445536732673645
4.818472266197205
4.939793944358826
4.877894371747971
4.881680905818939
4.954924285411835
4.968955218791962
4.714170396327972
4.87752839922905
2.8490201383829117
4.965966641902924
5.0
4.423792660236359
4.643354713916779
4.954565614461899
3.8407258689403534
4.569520652294159
4.999999701976776
4.991200119256973
4.583200961351395
4.753841459751129
5.0
4.8660168051719666
4.92170125246048
3.1846649944782257
5.000000298023224
4.999999701976776
4.842117130756378
4.8759157955646515
4.923516511917114
4.517349898815155
5.000000298023224
3.904789388179779
4.852170050144196
4.724304378032684
4.824969619512558
4.941125065088272
4.926027208566666
4.919866621494293
4.3971869349479675
4.8567357659339905
4.859580397605896
3.915105164051056
4.50708732008934
4.826430529356003
4.747387915849686
4.865644574165344
4.901793599128723
4.83429342508316
2.772309184074402
4.767457544803619
4.769111275672913
4.82685774564743
4.66024711728096
4.403144121170044
4.999999701976776
4.812310636043549
4.970856308937073
4.68830794095993
4.671715646982193
4.9511875212192535
4.922327101230621
4.545378237962723
3.875267505645752
3.581869602203369
4.343335330486298
4.987741112709045
4.759339988231659
4.336788356304169
4.666244983673096
4.999999701976776
4.689941108226776
4.699359238147736
4.780316054821014
4.20432522892952
4.360381364822388
4.901617467403412
2.4443721072748303
4.730457961559296
4.988967478275299
4.999999701976776
4.930482506752014
4.682023823261261
4.8155999183654785
4.577277302742004
4.949051737785339
4.812310636043549
4.817621111869812
4.013905823230743
4.83036994934082
4.108095467090607
4.997133761644363
3.901655375957489
3.5986827313899994
4.994271695613861
2.7706479281187057
4.37315821647644
4.402718544006348
4.2448922991752625
4.625695645809174
4.906335473060608
4.81470912694931
4.816481918096542
5.0
4.690179377794266
4.615051597356796
4.964984655380249
4.814682602882385
4.472887963056564
4.55781877040863
4.936229586601257
4.419150650501251
4.805953204631805
4.853145331144333
4.8237596452236176
4.944588243961334
4.814902096986771
4.868631660938263
4.49225127696991
5.000000298023224
4.893821179866791
4.618435204029083
4.956741034984589
5.000000596046448
5.000000298023224
4.185808300971985
2.894451655447483
4.692981839179993
5.000000298023224
4.656277596950531
4.705655723810196
5.0
5.0
5.000000298023224
4.8329901695251465
5.000000298023224
4.195191264152527
2.921983152627945
4.981756806373596
4.017031490802765
4.978761225938797
4.774757027626038
4.3707892298698425
4.968283772468567
4.38962385058403
4.685849547386169
4.599716663360596
4.287995398044586
4.9912963807582855
4.939360618591309
4.801858067512512
4.935772269964218
4.988863617181778
5.000000298023224
4.962635189294815
4.835241734981537
4.772694706916809
4.5918720960617065
4.993962943553925
5.000000596046448
4.281345903873444
4.8984043300151825
4.9592626094818115
4.959832429885864
2.7571645006537437
3.587518036365509
4.943684339523315
5.000000596046448
4.91203248500824
4.971468150615692
4.143750369548798
4.938777387142181
4.979262501001358
4.639470279216766
4.733870327472687
4.886945486068726
4.821322858333588
3.9806607365608215
3.8980530202388763
5.0
4.890595078468323
5.000000596046448
4.717039167881012
5.000000298023224
3.0597806349396706
4.826225191354752
4.771329462528229
4.993597120046616
4.654664397239685
4.9578529596328735
4.17027086019516
3.7855838239192963
4.955127537250519
3.068241663277149
4.935915768146515
4.884897470474243
4.509906619787216
3.420756310224533
4.35779795050621
4.856358021497726
4.772555828094482
2.91127510368824
4.0218186378479
4.8580509424209595
2.537564339581877
4.595385938882828
4.994505047798157
3.981900215148926
3.1695328652858734
4.825737178325653
4.999999850988388
4.640271961688995
5.0
4.636750519275665
5.000000298023224
4.966916590929031
4.999999701976776
4.985557198524475
4.618862569332123
4.833907783031464
4.738770425319672
3.3038122951984406
4.760759174823761
4.2010995745658875
4.468725919723511
4.505587816238403
4.497489929199219
4.8819416761398315
4.999999701976776
4.8326705396175385
4.628505706787109
4.480352997779846
4.769541770219803
3.658895269036293
4.263530075550079
2.696517687290907
4.3906790018081665
4.951530545949936
3.6505042016506195
4.592841267585754
4.67493936419487
4.859114587306976
2.8492389619350433
4.839849919080734
4.999999850988388
4.631417542695999
3.3180521428585052
4.858647286891937
5.0
4.984931200742722
4.903955459594727
4.982525408267975
4.967997670173645
4.783910810947418
4.882777631282806
4.9074819684028625
4.981878399848938
4.903630614280701
4.915961027145386
4.836462736129761
4.4520339369773865
4.82656329870224
4.48057621717453
4.951877593994141
3.979574739933014
4.744597673416138
4.939818382263184
4.812107533216476
4.711414873600006
4.802562594413757
5.0
4.999999850988388
3.750820755958557
4.927818328142166
4.9328842759132385
5.000000298023224
4.868663102388382
4.760993421077728
4.9499088525772095
4.973374754190445
5.0
4.778856635093689
4.934873878955841
4.859687983989716
4.817792326211929
4.887790083885193
4.887984544038773
4.210024029016495
5.0
4.4535596668720245
5.000000596046448
4.892676621675491
4.293899238109589
4.6347978711128235
4.792300164699554
4.835693538188934
4.767729640007019
4.817453026771545
5.000000596046448
4.992707371711731
4.667112082242966
4.980051815509796
4.954924285411835
4.212745726108551
4.830725789070129
3.018730506300926
2.8427470475435257
4.571093916893005
4.781219512224197
4.915259033441544
4.057629555463791
4.802562594413757
4.676145911216736
4.583129435777664
4.872242212295532
4.940174221992493
4.5116594433784485
4.9837177991867065
4.920293539762497
4.915988743305206
4.930165708065033
4.837566912174225
4.876379370689392
4.643847197294235
4.820837676525116
4.988952577114105
4.940000027418137
4.87158477306366
4.682126045227051
4.990910291671753
4.845578968524933
4.628224223852158
3.0619455501437187
4.942203313112259
4.986293613910675
4.996584057807922
4.999999701976776
4.607374966144562
4.859813451766968
4.804706871509552
4.738972187042236
4.738770425319672
3.5639256983995438
4.887610971927643
4.947953671216965
4.948285669088364
4.940618276596069
4.930165708065033
4.565550684928894
4.94392916560173
4.756942838430405
4.695923030376434
4.276361763477325
5.000000298023224
4.4176700711250305
4.933383911848068
3.1620894372463226
2.664752956479788
4.79718416929245
4.925574064254761
4.879172444343567
4.947953671216965
4.7795569896698
3.920769691467285
4.574958384037018
4.817027747631073
4.917260706424713
4.52339231967926
2.8655515611171722
5.000000298023224
5.000000298023224
4.996262788772583
4.463870823383331
4.816285669803619
4.909576773643494
4.870718717575073
4.797145128250122
4.906263649463654
4.744597673416138
2.707256991416216
4.209466874599457
4.859007894992828
4.626853764057159
4.6835073828697205
4.690623581409454
4.980021417140961
4.98878538608551
4.043563902378082
4.366716742515564
4.990490972995758
4.765395522117615
4.055199474096298
4.068008661270142
3.0585968121886253
4.849811494350433
4.977151304483414
4.9772003293037415
4.814358055591583
4.813203364610672
4.6362558007240295
4.51593279838562
4.683726578950882
3.7928926944732666
4.950243830680847
4.692365825176239
4.71171498298645
4.8950594663619995
4.631956219673157
4.89226371049881
5.0
4.9540311098098755
3.6663196980953217
4.430420994758606
4.608059227466583
4.765063524246216
4.638141542673111
4.477590173482895
4.421878457069397
4.94226798415184
5.000000298023224
4.416357576847076
4.692365825176239
4.470983445644379
3.126871809363365
4.960612952709198
4.223111867904663
5.000000298023224
4.7297535836696625
4.987059831619263
2.9024841636419296
4.802781045436859
3.934306800365448
4.619174599647522
4.307371973991394
4.658435881137848
4.846136271953583
4.435374438762665
3.1578290462493896
4.695336818695068
4.71764013171196
4.868890941143036
3.9521172642707825
4.8855069279670715
4.891715347766876
4.983369410037994
4.9571265280246735
4.454154521226883
4.850880652666092
4.873276948928833
4.9017539620399475
4.55149233341217
4.885676950216293
4.916533827781677
4.513847827911377
4.822458475828171
4.959729313850403
4.882542788982391
4.686512351036072
5.0
4.980992376804352
4.863189458847046
4.713605344295502
4.6586355566978455
4.867359846830368
4.812398552894592
4.276436418294907
5.000000596046448
4.900239706039429
4.932150840759277
4.895856082439423
4.533669054508209
4.815839529037476
4.091732203960419
3.7662698328495026
2.8604381531476974
4.918634295463562
4.912468492984772
3.749825358390808
4.887984544038773
4.244615584611893
4.989719539880753
3.2555899024009705
4.491820335388184
4.599095582962036
4.643354713916779
5.0
4.843732118606567
4.774757027626038
4.906216561794281
4.259706735610962
4.1725364327430725
4.814902096986771
4.76799875497818
3.3530469238758087
4.384945631027222
4.855297952890396
4.533286392688751
4.929177463054657
4.034549295902252
3.1827572733163834
5.0
4.758915603160858
4.77712407708168
4.916724413633347
3.7662698328495026
4.77712407708168
3.3024869859218597
4.391439706087112
4.965571463108063
3.6925140023231506
4.902442693710327
4.967539459466934
4.9410198628902435
4.699967801570892
4.921848773956299
4.826797246932983
4.730642139911652
4.8854053020477295
4.1740018129348755
4.980738312005997
4.728449583053589
4.91938903927803
4.959102272987366
5.0
2.73129690438509
4.94543582201004
5.0
4.7532448172569275
4.9685682356357574
4.806139916181564
4.645199775695801
4.610557556152344
4.671299755573273
4.999999850988388
3.7761351466178894
4.39919114112854
4.2404502630233765
3.7487782537937164
4.642190933227539
4.9833944439888
4.896365255117416
5.000000298023224
4.712695479393005
4.86532986164093
4.864389896392822
4.710654020309448
2.989477254450321
4.65399831533432
4.430420994758606
4.982706904411316
4.7295816242694855
4.948212802410126
4.929278194904327
4.631956219673157
4.146748334169388
2.692353129386902
4.862680435180664
4.953470826148987
4.886253625154495
4.935394823551178
4.86406072974205
4.366188943386078
4.566222280263901
2.9278703778982162
4.397951662540436
4.868540167808533
5.000000596046448
4.775671809911728
2.9559916257858276
3.8517597317695618
4.680657982826233
4.51991081237793
4.808979630470276
4.667091965675354
4.778741002082825
4.622232913970947
4.721136093139648
4.671183228492737
4.8818376660346985
4.813425540924072
3.3774666488170624
4.986572563648224
4.9508121609687805
4.980882406234741
4.143885374069214
4.343335330486298
5.000000298023224
4.968527108430862
3.0045047402381897
2.7045387402176857
4.943684339523315
4.174766838550568
4.982819557189941
4.406895041465759
2.9097405076026917
4.918043911457062
4.981569051742554
4.6475814282894135
4.37053769826889
5.000000298023224
4.878188967704773
4.796066731214523
4.982051700353622
4.134147465229034
3.950059413909912
4.244615584611893
4.90538164973259
4.790559262037277
4.89577978849411
2.877283990383148
4.9729447066783905
2.689974717795849
4.589760899543762
5.000000298023224
4.51740100979805
4.159377813339233
4.89310160279274
4.10311222076416
4.7411975264549255
4.7407978773117065
4.839810729026794
4.7163838148117065
4.982225000858307
4.68123584985733
4.578545391559601
4.490940272808075
4.101306200027466
3.859814405441284
4.6669140458106995
3.744422420859337
4.949307143688202
4.875477701425552
4.805595576763153
3.4940019994974136
4.876299500465393
4.896470755338669
5.0
4.8862481117248535
4.034990668296814
4.999999701976776
4.96473103761673
4.719446152448654
4.925480037927628
5.0
4.1706982254981995
2.602401953190565
3.417198061943054
4.932084679603577
4.903596639633179
4.914110600948334
3.9811956882476807
4.830260872840881
4.669622033834457
4.850398302078247
4.905365705490112
3.2026998698711395
4.909463971853256
4.644730091094971
4.620646685361862
5.000000596046448
4.6765705943107605
4.751548320055008
2.6552526094019413
4.882038235664368
4.8539358377456665
4.97046560049057
4.844813942909241
4.892546087503433
4.418781101703644
4.462419748306274
4.960770010948181
4.939202219247818
4.912230968475342
5.0
4.745556563138962
2.9604897648096085
5.0
4.626585990190506
5.0
4.437591731548309
5.0
4.989380240440369
4.63903546333313
4.650022387504578
4.4679030776023865
4.969298839569092
4.875632673501968
5.000000596046448
4.95065301656723
4.843247830867767
4.823958575725555
5.000000298023224
4.8265159130096436
4.717744588851929
4.899092614650726
4.721676856279373
4.849599301815033
2.3656875267624855
5.0
4.8326705396175385
5.0
4.792968332767487
4.777133017778397
4.54070121049881
4.8955535888671875
4.945336282253265
4.974651485681534
3.0914918705821037
4.988573044538498
4.783604741096497
4.710654020309448
4.999999850988388
4.713449478149414
4.59554448723793
3.121742829680443
4.889786541461945
4.812445491552353
3.639654964208603
5.0
4.766469299793243
4.9523040652275085
4.9634237587451935
4.928611218929291
4.955538511276245
4.630367755889893
4.718232750892639
4.177036136388779
4.367707520723343
4.92457702755928
3.3321169018745422
4.907447248697281
4.888917505741119
4.86774206161499
4.856517016887665
4.645997136831284
4.59024503827095
4.83912467956543
5.0
4.981495440006256
4.17689710855484
4.9034059047698975
5.0
4.671394228935242
3.3438265323638916
5.0
2.9849114641547203
4.9801114201545715
4.9833522737026215
3.9215444028377533
4.919633120298386
4.8367708921432495
4.797245115041733
4.941606521606445
3.7613272666931152
4.271772354841232
5.0
3.8982051610946655
4.757041037082672
4.957820773124695
4.775310158729553
4.719446152448654
4.760993421077728
4.88727331161499
4.533611088991165
4.746473729610443
4.844908714294434
4.779471755027771
4.783910810947418
4.39919114112854
4.102594256401062
4.833230674266815
4.0409426391124725
4.952865839004517
3.644518256187439
4.877505600452423
4.9531881511211395
4.94058296084404
4.999999850988388
4.951366484165192
4.921225905418396
4.719985723495483
4.390743970870972
4.923219978809357
4.283869564533234
4.020528197288513
4.96473103761673
4.60387647151947
4.967105984687805
4.592878818511963
4.491281509399414
4.74870502948761
4.549162685871124
4.815241247415543
4.108153134584427
4.860158413648605
4.804699122905731
4.922100603580475
4.782311320304871
5.000000298023224
4.979298114776611
2.9540232941508293
4.999999701976776
4.931454658508301
4.667112082242966
4.681122601032257
4.900239706039429
4.739542603492737
4.700906127691269
4.835439920425415
4.428214728832245
3.9716321229934692
3.2025671005249023
4.482819139957428
2.591679599136114
4.8580509424209595
4.523582756519318
4.4625988602638245
4.86535519361496
4.625403881072998
4.94474396109581
4.8549820482730865
4.916689395904541
4.963319897651672
4.9623435735702515
4.45456936955452
4.886574000120163
4.037759006023407
4.626335501670837
3.037567250430584
5.0
4.891844093799591
4.5085954666137695
4.667988419532776
4.978449642658234
2.6640091463923454
4.484433084726334
4.757625609636307
4.800751209259033
2.6398506201803684
4.95124489068985
3.9299026131629944
4.96673583984375
4.756942838430405
4.999999701976776
4.942812621593475
4.779915809631348
4.737389087677002
3.3438265323638916
4.784838110208511
4.8991066217422485
4.283380806446075
2.766636312007904
4.684939086437225
4.766128063201904
5.000000298023224
3.9910899102687836
4.136413335800171
4.89863708615303
4.504598379135132
3.2266809046268463
4.717354476451874
3.7841981649398804
4.8367708921432495
4.92457702755928
4.385960102081299
4.163765907287598
4.903401732444763
4.935454428195953
4.894406497478485
5.000000298023224
5.000000298023224
4.851494133472443
3.9393821358680725
4.369323551654816
4.17027086019516
4.881749153137207
4.6005405485630035
4.985870122909546
4.917611628770828
4.797353148460388
4.817611873149872
4.850877523422241
4.90120530128479
4.452285021543503
2.9322780668735504
4.6067875623703
5.000000298023224
5.000000298023224
4.354330152273178
4.981269389390945
4.658922106027603
2.98002228140831
4.937073886394501
4.07759964466095
2.6342484541237354
4.692547619342804
4.634384661912918
4.906711727380753
4.940206855535507
4.904473572969437
4.983543753623962
4.268273413181305
4.957364946603775
4.432628750801086
4.76095974445343
4.465707540512085
4.851662218570709
4.1072699427604675
4.948420077562332
4.951058924198151
2.4464199086651206
2.8815602511167526
4.661792814731598
5.0
4.894040524959564
4.87872451543808
4.998569041490555
4.984562397003174
4.883777499198914
4.60819348692894
4.784713387489319
4.859964549541473
4.918623715639114
4.678131639957428
5.000000298023224
4.224029183387756
4.865214377641678
5.000000298023224
4.857986271381378
3.979574739933014
4.733870327472687
4.667555093765259
4.989019930362701
4.987059235572815
4.393272399902344
4.372612833976746
4.810309708118439
4.90242525935173
4.734674841165543
4.873293340206146
5.0
4.862221777439117
4.782755076885223
4.677312970161438
4.835083484649658
4.400585293769836
4.857806861400604
4.938348233699799
4.491281509399414
5.0
4.7040799260139465
4.531780779361725
3.133357912302017
3.0227428674697876
4.891035258769989
4.735485017299652
4.337939471006393
4.9129219353199005
3.0120032280683517
4.657130241394043
4.819374680519104
4.8796603083610535
4.631417542695999
4.713464081287384
4.808979630470276
4.861727356910706
4.814020097255707
4.89559218287468
4.802167117595673
3.125206083059311
4.272333085536957
4.701020419597626
4.951906502246857
4.267571866512299
4.668089151382446
4.767729640007019
4.538051187992096
4.27253782749176
5.000000298023224
4.887613356113434
4.122377187013626
4.964393973350525
4.293345212936401
5.0
4.866072833538055
4.8831868171691895
4.724304378032684
4.583861529827118
5.000000298023224
4.953528046607971
3.415306732058525
4.3518513441085815
4.951258599758148
3.9393821358680725
3.568284660577774
4.783981591463089
4.825622737407684
4.965016841888428
4.914499223232269
4.999999701976776
5.0
4.57662507891655
5.000000596046448
2.8083735704421997
4.96307909488678
4.924266338348389
5.0
3.8517597317695618
4.116923213005066
4.551885277032852
4.861516952514648
4.975951910018921
4.999999701976776
4.6362511813640594
4.946063309907913
4.896334409713745
3.5022658109664917
4.754842668771744
4.960987865924835
3.841744214296341
5.0
3.579805940389633
4.93318185210228
3.5478484630584717
4.739038646221161
4.773820340633392
4.723724275827408
4.920609891414642
4.97865617275238
4.920792281627655
3.016234077513218
4.927573353052139
4.789600670337677
5.0
4.7863152623176575
4.2420050501823425
5.0
4.8930248618125916
4.769313633441925
4.91938903927803
2.6709784753620625
4.9018193781375885
4.705041944980621
5.000000596046448
5.0
4.931579828262329
4.8786550760269165
4.7696346044540405
4.780316054821014
4.5918720960617065
5.000000298023224
4.1283778846263885
4.946382641792297
5.0
4.887739419937134
4.699244499206543
4.843732118606567
4.430588334798813
4.797483384609222
2.710414007306099
4.8913198709487915
3.233545273542404
4.056212455034256
5.000000298023224
3.577752709388733
4.947817921638489
4.921731948852539
4.944656193256378
5.0
4.957384765148163
4.272234886884689
4.9495044350624084
4.659024626016617
3.0584703385829926
4.46949690580368
4.956269264221191
4.83285129070282
5.000000298023224
4.922947287559509
4.46566566824913
4.942406862974167
4.903012216091156
4.828135073184967
4.8969995975494385
2.9463686421513557
4.858963191509247
2.913976162672043
2.7381117828190327
4.847070425748825
4.86284926533699
4.980882406234741
4.8946066200733185
4.802367240190506
5.000000298023224
4.214072972536087
4.9839067459106445
4.98683363199234
4.771629273891449
2.6541751250624657
4.5932091772556305
4.933785647153854
5.000000596046448
4.96710330247879
4.8831868171691895
4.961589127779007
4.540435075759888
4.677424430847168
3.6670786142349243
4.809253215789795
4.762055277824402
5.0
4.983567297458649
4.762297421693802
4.960583299398422
3.988427221775055
4.70508337020874
4.83912467956543
4.722729325294495
3.5158753395080566
4.3570952117443085
4.8950594663619995
4.666617512702942
4.132961332798004
4.998454451560974
2.6532813534140587
4.956828951835632
4.983082413673401
4.2145755887031555
4.983712732791901
4.24607440829277
4.916892945766449
3.304746598005295
4.671394228935242
4.779784977436066
4.748161137104034
4.331548810005188
4.911126792430878
4.9185240268707275
4.960709810256958
4.9445852637290955
4.977623224258423
4.805703163146973
4.980793595314026
4.940830767154694
4.401099681854248
4.999999850988388
4.963401556015015
2.770470716059208
4.8248811066150665
4.533562362194061
4.954387545585632
4.8861998319625854
3.420756310224533
4.6886661648750305
4.970771670341492
4.937516152858734
4.801905006170273
4.930499792098999
3.904789388179779
4.231753200292587
4.893230497837067
3.7115291506052017
3.2734359055757523
4.967539012432098
5.000000596046448
4.788017570972443
4.930836409330368
4.614499062299728
4.692076146602631
2.9681653901934624
4.992436468601227
4.552631974220276
4.667517244815826
4.543430507183075
4.340921640396118
4.944030940532684
4.999999850988388
4.875370562076569
4.990146160125732
4.58878219127655
2.800675593316555
4.980020076036453
4.97180238366127
4.847829043865204
4.934351146221161
4.605401456356049
4.579664468765259
4.7629812359809875
4.938141703605652
4.146748334169388
4.434455931186676
4.544206857681274
5.0
4.623626172542572
4.762728214263916
4.432003498077393
4.973277151584625
4.7421252727508545
3.1682565808296204
4.645003378391266
4.923305809497833
4.931173175573349
4.597780406475067
4.916533827781677
4.9290598928928375
5.0
4.414559602737427
4.86964151263237
4.86550360918045
4.415916204452515
5.0
4.877966940402985
4.83152911067009
4.954865276813507
5.000000298023224
4.8969995975494385
4.572018980979919
4.8797498643398285
4.925170540809631
4.261238723993301
4.63857114315033
4.993056505918503
4.86757755279541
4.594170302152634
4.999999701976776
4.516419768333435
4.644669443368912
4.001800566911697
4.8940640687942505
4.991435110569
4.296129643917084
4.8164790868759155
4.76409524679184
4.8795270919799805
4.667091965675354
4.404120743274689
4.8063187301158905
3.8123296201229095
4.810309708118439
4.959238171577454
3.177732080221176
4.442155212163925
5.000000298023224
4.836817979812622
4.798940420150757
4.831711053848267
4.824136793613434
2.360074184834957
5.000000298023224
4.943254590034485
4.881525933742523
4.87288698554039
4.993233531713486
4.8991066217422485
4.717020094394684
4.997307360172272
4.842426776885986
5.0
4.999999850988388
2.8008522652089596
2.877865843474865
3.9511172473430634
4.738972187042236
5.000000298023224
4.687476605176926
4.853868782520294
4.560059607028961
4.990415424108505
4.395469129085541
4.3787407875061035
4.9263206124305725
4.944417774677277
3.971356600522995
4.714491963386536
2.927990183234215
4.599844515323639
4.830180406570435
4.625466465950012
4.749868810176849
4.864049851894379
4.656331837177277
4.927573353052139
4.8280154168605804
4.402718544006348
4.400585293769836
4.6347978711128235
4.8694586753845215
4.859181791543961
4.611739367246628
4.816420078277588
5.0
4.999999850988388
4.4535596668720245
4.827476739883423
5.0
5.000000298023224
3.3386488258838654
4.060984253883362
4.9205005168914795
5.0
4.530277252197266
4.987009912729263
4.912538528442383
2.9183439910411835
5.000000298023224
4.294835329055786
4.977242350578308
4.763481020927429
5.0
2.5644854782149196
4.162197113037109
5.0
4.862782657146454
4.951963871717453
4.92568626999855
4.89832267165184
4.687321782112122
4.564936459064484
4.747739136219025
4.5402854681015015
4.496716856956482
4.426824301481247
4.671299755573273
4.600558280944824
3.1286271661520004
4.973400235176086
4.883904457092285
4.863925725221634
4.873030185699463
4.754393100738525
4.857923090457916
4.434935748577118
4.927257746458054
4.533827006816864
3.476361259818077
3.816666007041931
4.959259778261185
4.906828999519348
4.6362511813640594
4.933188110589981
4.958048164844513
4.911870360374451
4.693934768438339
4.88942489027977
4.507253915071487
4.963200688362122
4.836373329162598
4.0218186378479
4.583907276391983
4.042450189590454
3.6831597983837128
4.843223839998245
4.994871020317078
5.000000298023224
4.994113743305206
4.818615615367889
4.562264531850815
4.876063019037247
4.540435075759888
4.8930248618125916
4.671886563301086
4.476306736469269
4.108095467090607
4.7745081782341
4.733334630727768
4.815345853567123
4.419817179441452
4.579726308584213
4.912468492984772
4.8896224796772
4.930009096860886
4.452003538608551
4.9152690172195435
3.98036390542984
4.55149233341217
5.000000298023224
4.492863118648529
4.930577427148819
2.7113135159015656
5.000000298023224
5.000000596046448
3.8012859225273132
2.7762032859027386
5.0
4.933280050754547
4.732624739408493
4.982461333274841
4.737403243780136
4.978302866220474
4.7776079177856445
4.809293746948242
4.464457929134369
5.0
4.687548577785492
4.435808062553406
5.0
2.74641465395689
5.000000298023224
3.5065386444330215
5.0
5.000000298023224
4.955533146858215
4.90464448928833
4.876992851495743
5.000000298023224
5.0
4.717178493738174
4.657695889472961
5.0
5.000000298023224
4.923305809497833
4.619139730930328
4.216377884149551
4.530710577964783
3.9811956882476807
3.515043258666992
4.924468994140625
4.061826020479202
4.968848377466202
5.000000596046448
4.841682314872742
2.897878512740135
2.9346591234207153
4.724218547344208
4.866421222686768
3.7542474269866943
3.059995546936989
4.5936451852321625
4.79718416929245
4.443041384220123
4.967305809259415
4.839749783277512
4.833456873893738
4.764001965522766
4.897230416536331
2.955690026283264
4.658190011978149
4.8797498643398285
4.784838110208511
4.393440634012222
4.9634237587451935
4.959534108638763
4.869866967201233
4.6765705943107605
4.743076115846634
4.359863102436066
4.999999850988388
4.754393100738525
4.779784977436066
4.689032733440399
4.92767333984375
4.815141558647156
4.94058296084404
4.98460978269577
4.980554580688477
4.959507435560226
4.74870502948761
4.522932171821594
4.888554066419601
3.1455525755882263
4.892815798521042
5.0
4.848151206970215
3.920082151889801
4.669927358627319
4.48057621717453
4.515045136213303
4.061987996101379
4.675104320049286
4.964984655380249
4.783600270748138
4.894007444381714
4.618285894393921
3.2285937666893005
4.949933290481567
4.413109719753265
4.870197772979736
4.955231547355652
2.914125770330429
4.897030293941498
4.4314926862716675
4.595385938882828
4.644730091094971
4.800166189670563
4.808074533939362
4.899944067001343
4.920656830072403
4.956558346748352
4.796367734670639
4.374562501907349
4.77375715970993
4.329085946083069
4.703677743673325
3.358047604560852
4.470174014568329
4.760122299194336
4.717144668102264
4.999999850988388
5.000000596046448
5.0
4.9955059587955475
2.7469780296087265
2.715128641575575
5.0
4.923634827136993
4.984995126724243
4.899497628211975
4.946704208850861
4.0729208290576935
5.0
4.4638484716415405
4.736668169498444
4.863055944442749
4.587861001491547
3.102399930357933
4.842472821474075
2.9371383786201477
5.000000298023224
4.894040524959564
4.588194489479065
3.764244467020035
4.315855503082275
4.935418367385864
4.761145710945129
5.000000298023224
4.7227078676223755
4.871084094047546
4.832281917333603
4.990008622407913
4.045262336730957
4.9518632888793945
4.973322153091431
4.8222920298576355
4.596515893936157
3.1390023231506348
4.854171574115753
4.0409426391124725
5.000000596046448
5.0
4.853486120700836
5.000000298023224
4.933928847312927
4.458587169647217
4.3707892298698425
4.5989686250686646
4.774419367313385
4.973439276218414
4.739155471324921
4.7299641370773315
4.365212321281433
5.000000298023224
4.786403775215149
5.000000596046448
4.405282288789749
4.47942316532135
4.353722631931305
4.61641401052475
5.000000596046448
4.045626372098923
4.50554221868515
4.822026491165161
4.980674684047699
4.454570710659027
4.022523909807205
4.067308008670807
4.5387765765190125
4.677312970161438
3.097514808177948
4.879066199064255
5.0
4.818472266197205
4.575467556715012
3.981900215148926
4.985650926828384
4.815826416015625
4.478079974651337
3.9114904403686523
4.916231781244278
4.67127799987793
4.888912737369537
4.743678122758865
4.982195645570755
4.872968792915344
5.000000298023224
4.954525530338287
4.999999701976776
5.0
4.922337532043457
5.000000596046448
2.867140471935272
4.656277596950531
4.751689434051514
4.879150688648224
4.937692433595657
4.820279479026794
4.52339231967926
4.39036101102829
4.96712863445282
4.9416786432266235
4.930598884820938
4.835534393787384
3.764602094888687
5.000000596046448
3.2329070568084717
4.9978843331336975
4.991878122091293
3.9514565467834473
4.804201424121857
4.209676533937454
4.800274074077606
4.423089325428009
2.9788507521152496
4.942547678947449
4.940158575773239
4.823001027107239
4.830082058906555
4.8949965834617615
4.2041125893592834
4.951530545949936
4.393272399902344
4.835537374019623
4.956394731998444
3.105454742908478
3.2194577157497406
4.284647703170776
4.798260033130646
4.633377194404602
4.876277595758438
4.879886507987976
4.538091868162155
4.271772354841232
4.80890691280365
4.988097101449966
4.9464450776577
3.636464551091194
4.707856178283691
4.82656329870224
4.851359874010086
4.93492528796196
3.987441062927246
4.527272284030914
3.658895269036293
5.0
4.9647364020347595
5.000000298023224
4.930976927280426
3.0720017850399017
4.726654589176178
5.0
4.577925801277161
4.817191511392593
3.232792168855667
4.826797246932983
3.65331694483757
4.522631466388702
4.865774065256119
4.910518825054169
4.496435225009918
4.9574655294418335
4.040045440196991
5.0
4.811004996299744
4.964417666196823
4.977639466524124
4.93632897734642
4.820104241371155
3.010384514927864
4.575243294239044
4.989584982395172
5.000000298023224
3.9647333323955536
4.999999552965164
4.861452579498291
5.0
4.717354476451874
5.000000298023224
3.6749645322561264
4.59024503827095
4.265970289707184
4.716316908597946
4.871420860290527
4.747607260942459
4.562968611717224
4.385280609130859
4.537227898836136
4.91244375705719
4.978225827217102
4.7397735714912415
4.921106398105621
4.788084328174591
4.482082426548004
4.317623972892761
4.079615026712418
4.538306891918182
4.887365698814392
4.872753024101257
4.70125287771225
4.718232750892639
4.823459684848785
4.999999850988388
4.902786016464233
5.000000298023224
4.958898574113846
4.6884918212890625
4.917680621147156
5.0
4.806678891181946
4.9724893271923065
4.97506707906723
4.790650308132172
4.971809685230255
4.090815037488937
2.8961198776960373
4.970904290676117
2.725690919905901
4.833472669124603
5.0
4.87578958272934
4.9571265280246735
4.956517219543457
4.9408820271492
2.8726665675640106
4.764440059661865
4.820622950792313
5.0
4.916271865367889
4.493377506732941
4.6576327085494995
4.9265143275260925
4.804554581642151
5.000000298023224
4.812005460262299
4.666225165128708
4.772243946790695
4.713328331708908
5.000000596046448
2.976599708199501
4.925077557563782
4.849625527858734
4.842084348201752
5.000000298023224
4.906263649463654
4.102044999599457
3.6702366918325424
4.70370277762413
4.745598137378693
4.1748374700546265
4.430588334798813
4.930821657180786
2.9250862076878548
4.370865076780319
4.874154776334763
4.601390510797501
4.842519760131836
5.000000596046448
3.5902491211891174
4.0784987807273865
4.143186509609222
4.999999701976776
4.9721308052539825
5.000000298023224
4.640136957168579
5.0
4.63474303483963
4.531630277633667
4.83071967959404
4.5712412893772125
2.946632131934166
4.899092614650726
4.9123238027095795
4.633494317531586
5.0
4.7407978773117065
4.878061860799789
5.000000596046448
4.878284782171249
3.7878967821598053
3.577752709388733
4.862313866615295
3.182549327611923
4.335743188858032
4.994865357875824
4.948669373989105
4.104765057563782
5.0
4.936903417110443
4.824536144733429
4.830854535102844
4.779990464448929
4.92170125246048
4.656177759170532
4.765304774045944
4.999999701976776
4.628224223852158
3.8341018557548523
4.941393285989761
4.711194038391113
4.932856261730194
4.994275271892548
4.7204190492630005
2.897605448961258
4.841682314872742
5.000000298023224
2.5869870744645596
3.872377574443817
4.7894784808158875
4.795663356781006
3.115686774253845
4.930807799100876
4.947184324264526
4.3898239731788635
4.299503564834595
4.663984179496765
3.7855838239192963
5.000000596046448
4.418404400348663
4.760129749774933
4.777800142765045
4.658190011978149
4.944051504135132
4.434865117073059
4.913035482168198
4.946382641792297
4.748858660459518
3.022165782749653
4.825528264045715
4.780176281929016
5.000000596046448
3.8980530202388763
4.95506227016449
4.944688826799393
4.931798428297043
4.8855093121528625
4.668698459863663
4.999999850988388
4.938606470823288
4.882246404886246
4.820978939533234
2.8391778469085693
4.868502616882324
4.839704185724258
4.753596186637878
4.540337324142456
4.462374150753021
4.263048470020294
4.66553658246994
5.0
4.968060851097107
3.4441787004470825
2.981365881860256
4.999999850988388
5.0
4.995558559894562
4.798116385936737
4.93176743388176
4.456315636634827
5.000000596046448
4.6536241471767426
4.896889179944992
4.693754017353058
4.013905823230743
4.79804664850235
5.0
4.988361150026321
4.664148986339569
4.827849566936493
4.954646080732346
4.979192316532135
4.9642884731292725
4.663534462451935
4.774470031261444
5.0
4.882431924343109
2.6112758181989193
4.7295816242694855
4.82598751783371
4.384070038795471
5.000000298023224
4.961712509393692
4.570103287696838
4.803849160671234
4.880298972129822
4.911659359931946
4.877153635025024
4.516185820102692
4.863362908363342
4.906144440174103
4.233537912368774
4.661884605884552
3.388773575425148
5.000000298023224
4.835692942142487
4.966181516647339
4.981357455253601
4.991435110569
4.950655847787857
4.923799633979797
2.789360173046589
4.314841628074646
5.0
5.0
4.587143063545227
5.000000596046448
4.962831735610962
4.728584885597229
4.533286392688751
4.728449583053589
4.999999850988388
2.476180614903569
4.824608713388443
4.057629555463791
4.783600270748138
4.92023766040802
4.151034355163574
4.770396947860718
4.628894180059433
2.718177568167448
