4.143737256526947
4.6489617228508
3.708408772945404
3.8061363995075226
4.399322271347046
4.414294958114624
3.8273246586322784
4.64531347155571
4.966196715831757
4.480195045471191
4.145043194293976
4.125913828611374
4.301533401012421
4.276306927204132
3.9869120717048645
3.858768790960312
4.380971044301987
4.071725308895111
4.778762459754944
4.744845926761627
4.9380674958229065
4.709166437387466
3.893587291240692
4.896164834499359
3.6052054166793823
3.8948768377304077
4.981457591056824
4.993911981582642
3.886094391345978
4.888950139284134
4.0286122262477875
3.9144480228424072
4.478926360607147
4.083374440670013
4.077233523130417
3.733833134174347
4.840331673622131
4.181961715221405
4.474650323390961
3.284354582428932
4.834649711847305
4.1659876704216
4.186857342720032
4.04194712638855
4.435702264308929
3.8361361622810364
3.606511652469635
4.910195767879486
4.0197886526584625
3.8219334185123444
3.597019389271736
4.5582157373428345
4.015670418739319
3.3152636885643005
4.9119555950164795
4.678108394145966
3.149745613336563
3.7432603538036346
4.121273905038834
4.791769087314606
4.083472043275833
4.364440143108368
4.019236117601395
4.778115153312683
4.306266605854034
2.864392176270485
4.886804819107056
4.685170352458954
4.023972600698471
4.4308991730213165
3.943876326084137
3.9703652262687683
4.734891653060913
3.991074860095978
4.578588306903839
3.954060524702072
4.4608210027217865
2.599770203232765
4.001055061817169
4.637627899646759
4.6832916140556335
4.386447072029114
4.907553791999817
4.783930331468582
4.758352637290955
3.828558921813965
4.840331673622131
3.875899910926819
4.269032776355743
4.443782269954681
2.7814612351357937
4.786786735057831
4.18117880821228
3.501759320497513
4.718770384788513
3.480059653520584
4.836464077234268
4.2052678763866425
3.9220473170280457
4.904767870903015
4.731151461601257
3.5303786396980286
4.0621331334114075
3.8004714250564575
4.770691990852356
3.825984001159668
3.735332265496254
4.673449695110321
4.375370144844055
4.486371427774429
4.0266746282577515
3.1794846057891846
4.452655613422394
3.9572274684906006
2.7836662903428078
4.2164817452430725
4.713613390922546
4.257466495037079
4.537996053695679
4.916603714227676
3.988003134727478
3.6731714010238647
4.5962028205394745
4.23699676990509
4.419374167919159
2.9483531415462494
4.2398422956466675
4.740686416625977
4.756658673286438
3.837217837572098
4.380534589290619
4.59922730922699
4.563807100057602
4.8778848350048065
4.92599681019783
4.456282556056976
3.964385688304901
4.813665598630905
4.624700546264648
4.312432408332825
3.786172568798065
4.889838248491287
4.578061103820801
4.11711186170578
4.003159552812576
3.6115526407957077
4.9264368414878845
4.387132972478867
4.9604132771492
4.05391663312912
4.18117880821228
4.020439088344574
4.834641516208649
4.204040765762329
4.8447370529174805
4.234446436166763
3.6069118976593018
4.61925208568573
4.855154305696487
4.562782943248749
4.268230497837067
4.546126425266266
2.5453876797109842
4.653269201517105
4.0197886526584625
4.936627298593521
4.878416061401367
4.905835688114166
2.8685621172189713
4.293389022350311
3.819706439971924
3.9625616371631622
4.2877355217933655
4.042815268039703
4.673022627830505
4.590365886688232
3.006659895181656
3.4043917059898376
4.55199122428894
4.452534765005112
3.508630692958832
4.617806971073151
2.943723052740097
4.368665516376495
4.907553791999817
4.951184988021851
4.61960107088089
2.435924233868718
4.14984792470932
4.04277428984642
3.347429037094116
3.6547566950321198
4.763484299182892
4.272255897521973
4.8793825507164
4.386216700077057
4.31081086397171
4.308315217494965
4.016967862844467
3.827992230653763
4.774579852819443
4.672788977622986
3.0713851004838943
4.758352637290955
4.7651606798172
4.372261464595795
4.372882395982742
4.937422275543213
4.151812642812729
4.505459815263748
3.9577993750572205
3.1607835739851
4.160185009241104
4.698265343904495
4.986358284950256
2.4530609231442213
4.981003701686859
3.941458761692047
3.887408822774887
4.836089611053467
4.65889111161232
2.3849109560251236
4.905391335487366
3.5843903571367264
4.3818458914756775
4.719128757715225
4.93981808423996
4.066336005926132
4.679726660251617
3.448435068130493
3.8719773292541504
3.8041935861110687
3.9361247420310974
4.954736679792404
4.877372980117798
3.271024450659752
4.253076612949371
3.1461818516254425
3.827567398548126
4.787185490131378
3.771827667951584
4.982291907072067
3.581959456205368
3.823469579219818
4.697301536798477
4.686295986175537
3.529786318540573
4.718551337718964
4.477426260709763
4.903653264045715
4.64368462562561
4.344232976436615
3.1975333392620087
4.95534211397171
3.40075321495533
4.852261543273926
4.205606579780579
4.752669930458069
3.2028519362211227
2.931579314172268
4.894956946372986
4.852967262268066
3.4018051624298096
4.001033306121826
4.169414192438126
2.734349127858877
3.6129476130008698
2.7358730509877205
4.809464514255524
2.7019117400050163
4.722331762313843
4.84932541847229
4.546142667531967
2.8429771214723587
4.789918959140778
3.9727765321731567
4.992601573467255
3.6419716477394104
3.954463303089142
3.889624923467636
3.8217729330062866
3.936130255460739
3.927629142999649
3.425408899784088
4.941505193710327
3.4524112939834595
4.502743184566498
4.350098073482513
3.9978742599487305
3.7983576953411102
3.6136017739772797
4.174635112285614
4.04194712638855
4.3818458914756775
3.9838382601737976
4.768165349960327
3.880096673965454
4.0433357656002045
3.3798079937696457
4.094119369983673
3.901914209127426
4.768925309181213
4.38253253698349
3.999159038066864
4.994726926088333
4.880276322364807
4.553930908441544
4.191692471504211
3.1088685989379883
3.7103985249996185
4.244648218154907
3.939416855573654
4.74963903427124
3.552819788455963
4.907940924167633
4.857258200645447
2.9218799993395805
3.371720612049103
4.678108394145966
4.017561078071594
3.4319836646318436
3.0558523163199425
4.873096942901611
4.786225259304047
4.7888824343681335
3.4997910261154175
2.8926602005958557
3.017156198620796
3.99533212184906
4.698375314474106
4.394839107990265
4.533000737428665
3.783402144908905
3.8330359756946564
3.1624890863895416
4.3793728947639465
3.3533261716365814
4.769884347915649
3.917391300201416
3.5157637298107147
4.077233523130417
3.875899910926819
3.684655800461769
4.623082876205444
4.9604132771492
4.644154608249664
3.6280830204486847
3.5846631228923798
3.7104441225528717
3.940427303314209
3.2699215412139893
3.670695275068283
4.847507476806641
4.114362597465515
2.811396848410368
4.066681414842606
4.476529657840729
3.342750072479248
4.942630231380463
3.8000518083572388
4.9380674958229065
4.675256162881851
4.810698628425598
4.016023427248001
3.5148245096206665
4.479699432849884
4.87703412771225
4.120004773139954
4.884359836578369
3.4137552976608276
4.673775732517242
4.533242881298065
4.833658337593079
4.350886046886444
2.534961295314133
3.5177257657051086
4.305328726768494
4.118159264326096
4.113447666168213
4.940839111804962
4.792588651180267
4.278713017702103
4.877987504005432
4.155675768852234
3.5807859897613525
4.758079349994659
4.522729516029358
4.647969156503677
4.867430180311203
3.4855952858924866
4.308315217494965
4.024420380592346
4.1482168436050415
3.1637850403785706
4.81657549738884
3.4841077029705048
4.756926894187927
3.8941532373428345
4.161180406808853
3.007127195596695
4.12201464176178
3.815607875585556
4.694279432296753
4.567147791385651
2.58650079369545
3.972821831703186
4.478926360607147
4.0728859603405
4.244648218154907
4.877614676952362
3.891536593437195
4.133719801902771
4.934190064668655
4.218897074460983
2.6300557795912027
3.766775131225586
4.234415888786316
3.924538791179657
4.2439281940460205
4.778961390256882
4.118159264326096
4.788040369749069
4.5452143251895905
4.7219932079315186
4.957544654607773
4.973319917917252
3.0926015228033066
4.130026996135712
4.7354742884635925
4.7973620891571045
4.740839600563049
3.681012839078903
3.9847949147224426
4.376364350318909
4.509861022233963
4.62638258934021
3.4129133820533752
3.8752710819244385
2.6188460178673267
3.6533038318157196
4.604741334915161
3.724246621131897
4.0576183795928955
4.72357839345932
4.85276073217392
2.6042639277875423
4.083521664142609
2.417233679443598
3.9270728826522827
4.792588651180267
4.576549530029297
4.4748929142951965
4.90641862154007
4.123477935791016
4.844705164432526
4.498958587646484
3.9085042476654053
2.962181530892849
3.4524524211883545
4.932281076908112
4.080968648195267
4.4680169224739075
4.532932937145233
3.8312645256519318
4.961658716201782
4.726313352584839
3.672012835741043
4.883700609207153
4.807060062885284
3.4618020802736282
4.944312870502472
3.750380575656891
4.701832085847855
3.7855808436870575
4.471349120140076
4.430013298988342
4.478458911180496
4.767918586730957
4.865090250968933
3.966999053955078
4.073609858751297
3.9832088351249695
4.305006563663483
4.720671474933624
3.6469969153404236
3.3066441118717194
3.8175296783447266
3.834405243396759
3.8522563874721527
4.84972208738327
3.892328441143036
2.7898896485567093
4.734024107456207
4.355340003967285
4.877614676952362
3.5706747323274612
4.829177558422089
3.692782372236252
3.9455856382846832
4.694976508617401
4.464145451784134
4.230366498231888
3.367266058921814
4.776224792003632
3.470671698451042
4.601349383592606
3.8297156989574432
3.945125788450241
4.486810564994812
4.85817164182663
4.8436762392520905
3.2072970271110535
4.594398140907288
3.758838474750519
3.7990981340408325
3.88416588306427
4.998417794704437
3.776617646217346
4.942208230495453
4.38253253698349
4.335422068834305
4.7773632407188416
4.2938002943992615
4.722915887832642
4.110641777515411
3.769247531890869
4.707783758640289
4.947487711906433
4.979264140129089
3.941481113433838
3.888479173183441
3.9892689883708954
4.736178815364838
4.718795418739319
3.931707441806793
4.61640477180481
4.293821156024933
4.994726926088333
3.419284373521805
4.864271134138107
4.168841242790222
3.745214194059372
4.028049558401108
4.9949198961257935
4.97052326798439
4.870362281799316
2.8152720630168915
4.142754673957825
4.488206505775452
4.441807270050049
3.617641180753708
4.396172314882278
4.5280371606349945
4.2580243945121765
4.938516020774841
3.070804700255394
4.038532972335815
4.65728223323822
2.894112281501293
4.888608604669571
3.175630569458008
3.669530972838402
2.9543547332286835
3.6731714010238647
3.640744835138321
3.3442720025777817
3.301890790462494
4.049442112445831
3.873157501220703
3.611506223678589
4.110641777515411
3.5943572968244553
4.185641407966614
4.853312373161316
4.592247307300568
3.148401901125908
4.7004033625125885
4.003159552812576
3.8935603201389313
4.661141186952591
4.880160987377167
3.425687849521637
4.966196715831757
3.3771175146102905
4.794203341007233
4.145715832710266
3.184475377202034
3.936130255460739
3.8948768377304077
4.982094615697861
4.653269201517105
4.471197128295898
4.692519009113312
3.0691001564264297
4.197967946529388
4.9964407086372375
4.477426260709763
4.002046287059784
4.93923157453537
4.580409824848175
3.7282568216323853
4.4680169224739075
3.022371307015419
3.739028200507164
4.620715081691742
3.6162130534648895
4.9648430943489075
4.617806971073151
4.1893406212329865
3.136245459318161
4.426498711109161
4.201096594333649
4.761418402194977
4.138937294483185
3.667786195874214
4.415536820888519
4.021510183811188
4.695231318473816
4.9609531462192535
4.424970597028732
3.4282435476779938
4.691364616155624
4.42490428686142
4.129361808300018
3.468969836831093
3.206978589296341
4.049442112445831
2.738728690892458
3.94835501909256
3.935752809047699
3.924538791179657
3.945445716381073
4.42596822977066
3.436216413974762
4.5657879114151
4.447517693042755
4.631788283586502
2.8377335146069527
4.439736902713776
4.198689013719559
4.410918802022934
3.9496245980262756
3.5898496210575104
4.292686730623245
3.7651757895946503
4.3586938083171844
4.231265634298325
4.743382781744003
4.800974428653717
4.806587100028992
2.594310399144888
3.936251401901245
3.504190295934677
4.763484299182892
3.9645320177078247
4.875499904155731
3.6312566697597504
3.8568925857543945
4.860426485538483
2.604363951832056
3.9884670078754425
4.013358056545258
3.945237398147583
4.671766459941864
2.5500239431858063
4.415536820888519
3.7929435074329376
3.9534373581409454
4.60746556520462
4.382772445678711
3.2263877987861633
3.9978742599487305
3.6722593009471893
4.558082222938538
4.144559949636459
4.5318374037742615
4.190620630979538
4.740625023841858
2.6032239478081465
3.3754626661539078
4.276306927204132
4.694279432296753
4.498958587646484
4.436087012290955
4.206766188144684
4.689357280731201
4.8663634061813354
4.85137403011322
4.169414192438126
4.458783566951752
4.84932541847229
3.4965690225362778
2.9660792648792267
4.840741753578186
4.189431816339493
4.429975748062134
4.323792457580566
4.763515591621399
4.957544654607773
3.915143758058548
4.937422275543213
4.5436351001262665
3.9174869656562805
2.9928957670927048
4.158644080162048
4.3897247314453125
4.964586645364761
4.865661561489105
4.264621883630753
3.915143758058548
4.750770926475525
3.953731060028076
4.815860837697983
4.5199790596961975
4.977089166641235
4.224504232406616
4.408164620399475
4.4748929142951965
4.698909521102905
3.5786473751068115
4.00914341211319
4.033113420009613
4.560952931642532
4.7979846596717834
3.9440949261188507
4.443782269954681
4.84583854675293
3.670945316553116
4.381284415721893
4.921988397836685
3.266555666923523
4.411744177341461
3.4485912322998047
4.257828891277313
2.8734542056918144
4.608749449253082
4.630814492702484
3.8751986622810364
3.880096673965454
2.6364936120808125
4.819283187389374
3.91637921333313
4.51778918504715
3.8750043511390686
2.9867909103631973
2.728247046470642
3.033747114241123
3.2979530096054077
3.9770010113716125
2.8800155222415924
3.2914136350154877
4.886054992675781
4.025787711143494
4.735764265060425
4.284701347351074
4.853312373161316
2.834160029888153
4.878615736961365
4.824794828891754
4.815544784069061
3.9781197905540466
3.5914643108844757
4.096830487251282
4.43120151758194
4.601951390504837
3.79981130361557
4.9476975202560425
4.48913499712944
3.9440949261188507
4.981086850166321
4.00739461183548
3.9655770361423492
2.861930690705776
3.8477906584739685
3.9435724914073944
4.981143027544022
4.930751472711563
3.1499511003494263
3.8701269030570984
3.873668611049652
4.797493368387222
4.790226966142654
4.073541313409805
4.93675172328949
4.543318003416061
4.851992428302765
4.916603714227676
4.558082222938538
4.479699432849884
3.53122279047966
4.246203303337097
4.37634140253067
4.826217889785767
4.043109863996506
3.392317295074463
3.8339832425117493
3.705667406320572
4.444947838783264
2.9334071651101112
4.816950559616089
3.444552719593048
3.7017615139484406
4.466877579689026
4.847507476806641
3.3297453820705414
3.7751898169517517
3.42721089720726
4.0876078605651855
4.601951390504837
4.016656875610352
3.7824547290802
4.114730954170227
3.0406462401151657
4.948479384183884
4.833062589168549
3.352569416165352
4.85276073217392
4.267739355564117
3.992929309606552
4.865992963314056
4.7219932079315186
3.506622835993767
3.6780695617198944
3.360055834054947
2.9142779856920242
4.778762459754944
4.718795418739319
3.88251855969429
3.973206579685211
3.943638652563095
4.320172965526581
4.138811230659485
3.8619686663150787
4.185452461242676
3.77470463514328
3.8912948966026306
4.483434855937958
3.56200210750103
4.169598817825317
4.93356391787529
4.599779546260834
4.194230139255524
3.935222327709198
4.554047882556915
3.040122464299202
4.8516011238098145
3.6972390860319138
4.549831449985504
4.27476242184639
4.065521657466888
3.1288284808397293
3.992825895547867
3.41137133538723
3.638014495372772
4.044672250747681
4.726313352584839
4.277432560920715
3.0786651372909546
2.7575131319463253
4.882196485996246
4.284701347351074
3.340422883629799
4.452826976776123
4.190620630979538
4.958236962556839
2.9433444887399673
3.7509679794311523
2.7030935883522034
4.517688602209091
4.366891384124756
3.859517127275467
2.7058080211281776
4.05284583568573
4.457768797874451
4.340108633041382
3.5305236279964447
4.444383978843689
3.482035994529724
4.537650048732758
4.92364227771759
4.5329588651657104
4.141273647546768
2.899889759719372
4.385509192943573
4.22999233007431
4.933575987815857
2.821671813726425
4.4833725690841675
3.8570427894592285
4.890280067920685
4.743147194385529
3.299083262681961
4.669373333454132
4.331775009632111
4.681216478347778
3.829050064086914
4.211340546607971
3.763572722673416
4.539054781198502
3.8244810700416565
4.744978249073029
4.060154855251312
4.903653264045715
4.8326461017131805
3.932945430278778
4.28637221455574
4.35215100646019
3.969818502664566
4.784114509820938
4.186095893383026
3.2577770203351974
3.7623055279254913
3.9572274684906006
2.8647297620773315
4.016023427248001
4.429309070110321
4.063682854175568
3.7555934488773346
4.787016212940216
4.6542587876319885
4.618883430957794
3.763643801212311
3.9510034024715424
4.894956946372986
2.7553072199225426
4.310531169176102
4.79629248380661
3.5979311168193817
4.439736902713776
4.3274785578250885
3.3637428283691406
4.890280067920685
3.371812105178833
4.362097084522247
4.505459815263748
4.624700546264648
4.7061216831207275
2.841254733502865
4.415072351694107
3.92149955034256
3.826819062232971
4.399083256721497
3.5013725608587265
4.137566089630127
4.521647095680237
4.660554826259613
4.686180800199509
4.529693126678467
3.0741314589977264
3.7376131117343903
4.028128832578659
4.868253171443939
3.9735230803489685
3.163575232028961
4.888401031494141
4.8516011238098145
4.981003701686859
4.0359097719192505
4.559620171785355
3.995409309864044
4.198689013719559
4.90641862154007
2.7413666993379593
3.408016487956047
4.798001945018768
4.057600200176239
3.998221904039383
4.063412547111511
4.414294958114624
2.7775271236896515
4.84583854675293
3.8874757289886475
4.703410863876343
3.9296963810920715
3.086000569164753
4.914833456277847
4.709140360355377
4.939756393432617
3.761797249317169
3.479619026184082
4.281772971153259
2.7648774906992912
4.319279789924622
4.607197642326355
4.7773632407188416
4.795789122581482
4.211007803678513
4.1192203760147095
4.254935532808304
3.3751513063907623
2.8098576329648495
4.030000269412994
4.824794828891754
4.889104068279266
4.3586938083171844
4.122307747602463
4.845102429389954
3.5385823249816895
4.344228208065033
3.979766070842743
2.940625585615635
3.962893933057785
3.042261525988579
3.581959456205368
3.874918222427368
3.078516498208046
3.7989817559719086
3.648233711719513
4.25088033080101
3.863951861858368
3.711964413523674
3.149794787168503
4.561710506677628
4.305800199508667
3.9967016875743866
3.9921681582927704
4.878010153770447
4.933575987815857
3.578488379716873
3.9769448339939117
4.899818152189255
4.792588651180267
3.704492822289467
4.95841771364212
4.553930908441544
4.600901305675507
3.2665231078863144
4.267195761203766
3.321111351251602
4.542172849178314
4.184304177761078
4.830052852630615
3.126324862241745
3.941693902015686
3.820849061012268
3.347429037094116
4.368820041418076
4.264621883630753
3.773792088031769
3.3442720025777817
4.349315315485001
3.9334771037101746
3.8933102786540985
4.997270405292511
4.361286461353302
4.347005486488342
4.791769087314606
3.7772005796432495
3.993915468454361
4.098258465528488
3.997027575969696
3.9655770361423492
3.889896273612976
2.7854178473353386
4.368665516376495
4.132349640130997
3.4771160781383514
3.1466269493103027
4.533363580703735
3.977333754301071
4.983789324760437
4.292842298746109
3.4018051624298096
3.857404738664627
3.892645239830017
2.7152056992053986
4.788611829280853
3.766775131225586
4.060109406709671
4.796144068241119
4.3916016817092896
3.7459272891283035
3.891769051551819
3.6032794415950775
3.9193737506866455
4.132349640130997
3.4714796394109726
3.6010299623012543
4.6542587876319885
3.964568078517914
4.003762304782867
3.200979381799698
4.881699234247208
3.1347044557332993
4.061550796031952
4.465035498142242
4.2398422956466675
3.933302164077759
4.815860837697983
4.484540820121765
3.795333206653595
3.1301249563694
4.025514125823975
3.089284226298332
4.308541268110275
4.594398140907288
3.571120798587799
4.227404296398163
4.81657549738884
4.0628767013549805
4.18163925409317
3.8485699892044067
3.319958671927452
4.277183264493942
4.295318424701691
4.590365886688232
4.063682854175568
3.8941316306591034
4.877732694149017
4.92364227771759
4.27476242184639
4.868253171443939
4.756926894187927
3.1204644590616226
4.749603718519211
3.954772502183914
4.842117130756378
4.5061661303043365
4.142458140850067
3.7699614465236664
3.9770010113716125
3.9618706703186035
4.837542474269867
2.9325315356254578
3.3287788927555084
3.9225448668003082
2.9286397621035576
4.942208230495453
3.9093679189682007
4.719128757715225
3.467605784535408
3.7663298845291138
3.8669010996818542
3.860572576522827
3.6229275166988373
4.768165349960327
3.741811364889145
3.2191477715969086
3.7653975188732147
3.8253124058246613
2.7901619113981724
4.661821126937866
3.8479524850845337
4.864271134138107
4.038767516613007
3.76488134264946
3.964568078517914
4.157397747039795
4.114730954170227
4.998417794704437
3.124333843588829
4.9119555950164795
3.689892143011093
4.320172965526581
4.5678699016571045
3.932945430278778
4.42490428686142
4.65728223323822
3.8941532373428345
2.9448632150888443
2.722381353378296
3.9703652262687683
4.321136474609375
4.839397370815277
3.4673000127077103
3.435570001602173
4.091346859931946
4.381284415721893
4.103678315877914
3.5424672067165375
2.661840785294771
3.836245834827423
4.4608210027217865
4.486347585916519
4.343200922012329
4.617806971073151
3.7495343387126923
4.981143027544022
4.559620171785355
4.977089166641235
3.3183419704437256
3.8168565928936005
4.19306144118309
3.795982003211975
3.1311187148094177
4.29403692483902
4.938516020774841
4.170360118150711
4.12548303604126
4.344228208065033
3.9225120842456818
4.208022654056549
4.749603718519211
4.670269191265106
3.3436963707208633
3.9226600527763367
3.4433379024267197
4.2877355217933655
4.102136045694351
3.7034864723682404
4.122880697250366
2.9657799750566483
4.119362533092499
4.701112508773804
3.873668611049652
4.428935348987579
2.9924317449331284
3.795982003211975
4.930751472711563
3.9993074536323547
3.6205849796533585
4.299130439758301
2.9180362448096275
3.8175705075263977
4.9648430943489075
4.207775592803955
2.8478040918707848
3.205792158842087
3.751796931028366
4.534448981285095
4.63789701461792
4.157655239105225
4.544127583503723
3.960205316543579
3.6285731196403503
3.9334771037101746
3.88251855969429
4.065521657466888
4.390762746334076
4.718551337718964
4.744978249073029
3.1163889542222023
3.6010026931762695
3.2981903851032257
4.97052326798439
4.37736451625824
4.758079349994659
3.6627738922834396
3.668985515832901
4.554243683815002
3.08891162276268
3.930671364068985
2.760522961616516
4.74963903427124
4.001725912094116
3.945125788450241
4.430013298988342
2.8525589779019356
3.9944809675216675
2.8748343512415886
4.091831147670746
3.1988660246133804
4.372261464595795
4.292686730623245
3.2476377487182617
4.135780036449432
4.332357048988342
3.0432041361927986
3.6372869461774826
4.428935348987579
4.958236962556839
4.670793265104294
3.945237398147583
4.307198226451874
2.9240167140960693
3.666701093316078
4.343200922012329
4.369897246360779
3.0412716791033745
4.717026948928833
3.76909077167511
