3.617088422179222
3.2941000163555145
3.9760565757751465
3.7989020347595215
4.7522106766700745
2.9162082821130753
4.334222972393036
3.738817870616913
4.766128063201904
3.7200692296028137
3.903578817844391
3.9264391362667084
3.9011815190315247
3.726459890604019
3.9154207706451416
2.531106749083847
3.588069975376129
4.301899075508118
3.8899554312229156
3.7084515392780304
3.8771700859069824
3.623740077018738
3.323354721069336
4.781511723995209
4.753393530845642
3.990507423877716
3.3589202165603638
4.282512962818146
2.6711942441761494
3.1276770681142807
4.211798757314682
4.340275079011917
4.131282269954681
3.3062565326690674
3.8515381515026093
3.7985455989837646
4.147832840681076
2.9273680225014687
3.906736671924591
3.7054045498371124
4.141383767127991
2.957768812775612
3.3100371062755585
3.6462800204753876
3.271534815430641
2.913406640291214
3.1805841624736786
3.831038624048233
3.798394799232483
3.5708533227443695
3.6459659039974213
3.3658118546009064
2.875048518180847
3.703310266137123
3.958551734685898
4.281049370765686
3.9433877170085907
4.427459239959717
3.1430523842573166
3.2306931167840958
2.9555168747901917
4.380748271942139
2.984408102929592
4.392212629318237
3.7288017570972443
2.654535984620452
3.4401407837867737
2.976321615278721
3.383674845099449
3.648241013288498
3.574189394712448
2.706872448325157
2.942894548177719
3.559613525867462
2.9701244086027145
3.4352336078882217
3.611517548561096
3.756570518016815
3.2340773940086365
3.782328963279724
4.379163086414337
3.073147013783455
2.5166479405015707
4.8158614337444305
4.38926562666893
3.8967815041542053
3.675190359354019
4.119095206260681
4.148771017789841
3.7346795201301575
3.0058476328849792
3.48024919629097
3.82650226354599
3.9623959362506866
2.9021505266427994
4.668411463499069
3.5040099918842316
4.295192360877991
2.6934853196144104
3.0349351838231087
4.393933415412903
4.725204706192017
3.701082766056061
4.265216886997223
2.718549519777298
4.104769229888916
4.107586592435837
3.951440453529358
3.5217945277690887
2.889043465256691
3.802127242088318
4.198030531406403
3.130243420600891
3.0316275358200073
3.178223967552185
2.656681314110756
3.490140587091446
3.655414655804634
4.043445736169815
4.664043188095093
3.91619935631752
2.6199464686214924
3.090534880757332
3.847043216228485
2.701737266033888
3.5121899843215942
3.5162508487701416
3.436610624194145
4.33643639087677
3.1675607711076736
3.064362294971943
2.7056721784174442
4.003283530473709
2.9218266159296036
4.258424341678619
4.011990875005722
4.525421857833862
2.966308668255806
2.9769105464220047
3.9065666496753693
3.800566792488098
3.8222159445285797
2.8051610477268696
4.57150474190712
3.685852214694023
3.863707482814789
2.9586661607027054
3.202895224094391
4.186200499534607
4.040431380271912
4.464375674724579
3.1198861449956894
4.622048437595367
3.3634354919195175
3.932148516178131
3.1518132984638214
3.1282897293567657
2.949162647128105
3.9651191234588623
3.336702734231949
4.135800302028656
3.92008513212204
4.087373316287994
4.409453570842743
4.502553641796112
2.907888889312744
3.7770655751228333
3.6658871173858643
2.9303617775440216
3.7678012251853943
3.326892703771591
4.083513617515564
3.7254325300455093
3.6548519879579544
4.28363174200058
4.595074951648712
4.076668918132782
3.639993518590927
4.275310933589935
4.1672855615615845
3.9430832862854004
4.157154560089111
3.6387166380882263
4.399843811988831
3.7942439317703247
2.8445953130722046
3.6415408551692963
3.865348696708679
3.2742533087730408
3.8504910469055176
3.201299235224724
2.879059985280037
3.8771677017211914
3.083495870232582
2.7311295829713345
3.3489853143692017
4.058438539505005
3.9383363723754883
3.157104104757309
3.9303019642829895
4.1554732620716095
2.937677726149559
4.399922490119934
3.8945089280605316
3.740769252181053
3.5696765780448914
4.904646575450897
2.9109056293964386
4.304291009902954
4.338251054286957
3.676503673195839
3.7172622978687286
3.816708028316498
3.0850470066070557
3.105059266090393
3.8038109242916107
2.783919181674719
4.511545896530151
3.7987378239631653
4.0632641315460205
3.444940820336342
4.628175795078278
3.615042120218277
3.2916007936000824
4.204515218734741
3.507544919848442
3.0890268459916115
2.9807526245713234
3.925037533044815
3.613913431763649
3.928808867931366
2.848319262266159
3.0872010439634323
3.416236788034439
3.341359570622444
3.6667460203170776
3.6407703161239624
3.2779987156391144
3.073226734995842
3.583522140979767
3.613153174519539
4.202945828437805
3.435927778482437
3.2820606231689453
3.3855605870485306
3.6909879744052887
3.900615870952606
4.031617641448975
3.774854838848114
3.311951830983162
2.996249794960022
4.174145013093948
3.4794622659683228
4.422680735588074
3.4421513974666595
4.333561360836029
3.6609486490488052
4.35432493686676
4.415023624897003
3.8212770223617554
3.5462476313114166
4.625129848718643
3.2960082590579987
2.6571762189269066
3.9542189240455627
3.607576936483383
2.940516918897629
3.7872177362442017
3.3451947569847107
3.8700273633003235
2.619063835591078
3.202262967824936
4.399499148130417
3.9524731040000916
3.407835066318512
3.632596656680107
3.864309787750244
3.9515987038612366
3.564583584666252
4.761227071285248
3.977808654308319
3.161485120654106
3.170199543237686
2.8654706105589867
2.8572508320212364
3.481399416923523
3.0323809385299683
3.735967054963112
2.7828978933393955
3.1805993616580963
3.9004987478256226
3.9351725578308105
4.079025387763977
3.949001729488373
3.6669833213090897
2.813386619091034
2.968704253435135
3.6616481095552444
3.033008873462677
4.291089326143265
4.226112216711044
3.450065851211548
4.095400124788284
4.037336707115173
3.6173811554908752
2.568115694448352
2.4629438249394298
3.039744086563587
4.351237416267395
3.959699273109436
4.096008390188217
3.5166221857070923
4.516859352588654
2.9493507742881775
2.8519846871495247
3.1789708882570267
4.600588083267212
3.9034776389598846
2.8489508479833603
3.643789440393448
3.4291955828666687
2.7345254458487034
2.7403661236166954
4.561476409435272
2.9539284110069275
4.213550388813019
4.66524064540863
3.926924765110016
3.1400685757398605
4.245084077119827
3.7702803313732147
4.418915361166
3.258117437362671
4.49304074048996
4.495185613632202
4.089775830507278
2.5875253789126873
2.6404810696840286
3.435187488794327
3.6012455075979233
4.5530518889427185
3.4385522454977036
3.5714511573314667
2.564663188531995
3.510236218571663
3.7750408053398132
3.9663144946098328
3.350083827972412
3.9790450036525726
4.517337530851364
3.5791539400815964
4.075281769037247
3.692859783768654
4.332128167152405
2.902916967868805
4.36126321554184
2.6745862886309624
3.8165640830993652
2.7449578046798706
4.317462742328644
3.9084672927856445
3.0835596844553947
2.61963059194386
2.9240210354328156
2.6666763238608837
3.432672992348671
3.418150618672371
2.809833437204361
3.96794930100441
3.3573634177446365
3.713552802801132
4.442015290260315
4.000491201877594
3.355049192905426
3.503303974866867
3.8542962074279785
3.694959506392479
3.869323879480362
3.5384273529052734
3.4480419754981995
4.547680169343948
4.127637296915054
4.013159871101379
3.544411137700081
2.955315262079239
3.3413144946098328
4.082484990358353
2.557850885204971
3.0930446088314056
2.7807937376201153
3.682066947221756
3.949970006942749
4.304148554801941
3.552194833755493
3.6496762931346893
3.7140819430351257
4.217982590198517
3.3927732706069946
3.018319755792618
4.169499725103378
3.6746062338352203
3.0253083258867264
3.292054235935211
4.007793217897415
3.7774658203125
3.777215927839279
2.60040195658803
4.3797071278095245
4.064584672451019
3.6933382600545883
3.54009747505188
3.5205920040607452
3.3025790750980377
3.695705384016037
4.120335131883621
3.2976043224334717
3.62874299287796
2.9090654104948044
4.060627818107605
3.4844085574150085
4.475167393684387
3.578898161649704
2.6245935447514057
4.082302153110504
3.6415213346481323
3.49418543279171
2.4222232354804873
4.530044496059418
4.332943260669708
2.9019982367753983
3.7288030982017517
3.137108162045479
4.292362481355667
3.452441021800041
4.228143393993378
2.9484306275844574
4.12019282579422
3.120645582675934
3.2537613809108734
2.761370837688446
2.7425259724259377
4.827139377593994
3.983599990606308
4.217579811811447
4.393906891345978
3.328283652663231
2.6926992647349834
3.516618013381958
4.396137297153473
3.40997114777565
3.5009510815143585
4.465371817350388
4.454082250595093
3.155052214860916
3.525790646672249
3.1451987475156784
3.001406267285347
3.953062742948532
3.4202763438224792
4.121953099966049
3.1134384498000145
2.7876356802880764
3.27704057097435
2.769533060491085
4.067113101482391
4.567864090204239
3.966742157936096
3.619993180036545
3.811338394880295
3.426186889410019
2.817521095275879
4.707017093896866
4.236386716365814
4.006864577531815
2.665143720805645
3.971835672855377
4.398723542690277
3.194287121295929
3.162626028060913
3.9304597675800323
2.7158148214221
3.952462524175644
4.1897279024124146
3.9536257088184357
3.8375604152679443
4.476369768381119
4.16210263967514
4.366716742515564
4.1577184200286865
3.8612976670265198
4.212118983268738
4.400183409452438
3.671310544013977
3.54415699839592
3.0100565403699875
3.7060558050870895
2.706025466322899
4.350462555885315
3.480314761400223
4.069412052631378
3.3822162449359894
3.6095140874385834
4.903319776058197
3.19565013051033
2.8850876539945602
3.3150893449783325
4.27973210811615
4.2708200216293335
2.9167116805911064
4.441240131855011
3.5830309987068176
2.713790964335203
3.096042349934578
3.0442363768815994
3.4201112389564514
3.397892117500305
3.6820171773433685
3.416072130203247
3.1851892173290253
4.423171728849411
3.8354673981666565
3.9475637674331665
2.996002994477749
3.4287670254707336
3.899739384651184
3.3157801628112793
3.1181781366467476
3.987043797969818
4.364857524633408
2.9991259425878525
4.416568279266357
3.424442335963249
3.0396219715476036
3.804124742746353
3.8802504539489746
2.7874687127768993
4.197620451450348
3.3796295523643494
3.78274068236351
2.8726565092802048
4.421914517879486
3.14542219042778
3.6100970208644867
3.325001820921898
3.980983793735504
4.03816819190979
3.9293840527534485
3.001900427043438
4.058837443590164
3.8689900934696198
3.1099385023117065
3.997112810611725
3.9567244052886963
3.4387755393981934
3.2680829614400864
3.9195027947425842
3.1527432799339294
4.498261511325836
3.4386155009269714
3.7472322583198547
3.0475428700447083
3.716145157814026
3.0688803642988205
2.8604137897491455
3.1900519132614136
2.8859449923038483
3.4660621732473373
3.4121759235858917
4.664493203163147
4.072848707437515
3.759452998638153
3.893040716648102
4.226199835538864
3.9972668886184692
3.5197467356920242
3.567950651049614
4.271461516618729
3.632797449827194
4.22195091843605
3.12697596848011
3.9727765321731567
3.0492250248789787
4.093765467405319
2.839311808347702
3.3973677456378937
3.396668955683708
3.8502055406570435
4.171623885631561
3.9050814509391785
3.379519507288933
3.146899491548538
3.320442885160446
4.011969864368439
4.201631098985672
4.072624444961548
3.904835283756256
4.417351335287094
2.7177060022950172
3.5201723873615265
3.759980648756027
4.20653909444809
3.767082691192627
3.492596447467804
3.523414433002472
3.6215226352214813
3.5298827290534973
3.5614804923534393
3.1958038359880447
4.686451852321625
3.9703837037086487
3.3580519258975983
2.8472037613391876
4.514578431844711
4.438234120607376
4.707445949316025
3.1474313139915466
4.005479663610458
4.054394364356995
3.7061243504285812
3.0212636291980743
4.476118981838226
4.6523162722587585
3.280099183320999
4.545595347881317
3.472878634929657
3.2704026997089386
4.305400997400284
3.7358487397432327
3.791087120771408
3.0050189048051834
3.531605303287506
2.845459468662739
4.599352926015854
4.508432149887085
4.010922312736511
2.9353122040629387
3.5386789590120316
3.7398017942905426
3.8767150044441223
3.4311360120773315
3.4615688771009445
3.2771749049425125
2.9805032536387444
3.5555538535118103
3.431612402200699
4.762307405471802
2.40813871845603
3.0181916803121567
3.4014099091291428
3.565545529127121
3.3012358099222183
4.1812664270401
3.0492761358618736
2.593919662758708
4.059005379676819
3.9621461927890778
3.924546539783478
3.8580474257469177
3.469887152314186
4.043483138084412
3.3834071457386017
3.6303459852933884
2.5453229062259197
3.348468318581581
3.5842306166887283
2.974695637822151
2.9949581250548363
2.9910393804311752
3.9485520124435425
4.247695207595825
4.244916141033173
4.070436656475067
4.6071770787239075
4.032982885837555
3.7389103323221207
3.9496733248233795
3.2613493502140045
3.7049132585525513
4.298655986785889
3.886353075504303
3.1951700896024704
3.6309968680143356
3.555164784193039
3.595385178923607
4.367058575153351
3.9546842873096466
4.1748519241809845
4.6083444356918335
3.482336327433586
4.549453109502792
3.5923734307289124
3.93992617726326
3.8347703218460083
3.5634490847587585
3.366960436105728
2.969617582857609
4.317081719636917
3.4640201926231384
3.568950742483139
3.8454636931419373
3.2936571538448334
3.3710922300815582
2.9595864564180374
3.6105915904045105
3.906574845314026
3.19363072514534
4.145301133394241
3.8591814041137695
3.195071369409561
2.861252874135971
3.5278019309043884
3.2743100821971893
3.1526700407266617
2.932737171649933
4.5429739356040955
3.5300539433956146
4.314156770706177
3.6297395825386047
3.7049445509910583
4.707017093896866
3.9764146506786346
4.286175966262817
3.630123883485794
3.9596275985240936
4.458940178155899
4.206368327140808
2.96981118619442
4.042671173810959
3.4337882697582245
4.33664083480835
3.847390115261078
3.4286601841449738
2.9259783029556274
3.015211783349514
3.0393846333026886
4.169723689556122
3.1031906604766846
2.790663093328476
3.0795033276081085
3.575132265686989
2.742205858230591
2.8926100581884384
3.6869920790195465
3.5659798234701157
3.844941556453705
3.906259685754776
2.801843099296093
3.5560379922389984
3.2666081190109253
4.555508196353912
3.382793292403221
3.523278385400772
3.1068139895796776
3.95744726061821
4.903319776058197
3.5139204561710358
3.7588506937026978
3.7254325300455093
4.196995794773102
4.291923940181732
3.148196190595627
3.4031418710947037
3.610333353281021
3.869154304265976
3.513844460248947
3.5406335443258286
3.420020639896393
2.8870974481105804
3.482128605246544
3.9617572724819183
2.6781053096055984
3.0689823627471924
4.727928191423416
2.956819199025631
2.6487786695361137
3.2648158073425293
3.69150772690773
4.336014091968536
3.4499214589595795
4.428039044141769
2.7600988000631332
3.0320681259036064
3.2583747804164886
3.0100947618484497
3.7614326179027557
3.2548218220472336
3.0490049719810486
3.8919375836849213
3.629515841603279
4.179569184780121
4.07655656337738
3.530907779932022
4.292158782482147
3.242873251438141
2.9059645906090736
3.903964012861252
3.7383565306663513
2.706358451396227
3.2673218101263046
2.838842496275902
4.170714914798737
3.725437968969345
3.793780356645584
3.843716084957123
4.222625643014908
3.9998365938663483
3.9634473621845245
2.972705587744713
3.854624032974243
2.8218719735741615
3.8573414087295532
3.9941981434822083
3.3279307931661606
4.160036146640778
3.969714790582657
4.335019588470459
2.898109406232834
3.413972482085228
3.0651605129241943
2.8127306699752808
2.9831619560718536
2.816322408616543
3.6781035363674164
3.7431252002716064
2.89733923971653
4.587511420249939
3.831460177898407
3.872307538986206
3.4746749699115753
3.8834063708782196
2.7123399823904037
2.6173400413244963
4.598637670278549
3.537583500146866
3.7661419808864594
3.56694296002388
4.028453826904297
4.586540758609772
3.5905157774686813
2.963549867272377
3.9823776483535767
4.6715207397937775
2.9889656603336334
4.323962330818176
3.7097595632076263
3.8661308586597443
3.757893443107605
2.816813290119171
3.710666224360466
4.921720325946808
3.258526772260666
3.0098699405789375
4.343507140874863
3.929581791162491
3.3760450780391693
4.452184438705444
3.1062354892492294
3.419681638479233
2.9461663216352463
3.5865338146686554
3.4034183621406555
3.383505865931511
4.795444756746292
3.795969635248184
2.909994125366211
3.354145735502243
4.161081910133362
3.136017844080925
3.9711837470531464
3.0985894054174423
2.933550663292408
2.961413487792015
4.418389201164246
2.5931116938591003
2.968611530959606
3.3369918167591095
3.389764428138733
4.340207278728485
4.55385148525238
4.244333803653717
4.266514182090759
3.412349820137024
3.6168013513088226
4.698101431131363
3.8404910266399384
3.7896886467933655
3.593306913971901
4.705521464347839
3.995537757873535
3.0529432371258736
3.569251149892807
3.280615508556366
2.6784569583833218
2.879987135529518
3.913169503211975
3.325119912624359
3.13938170671463
3.709445670247078
4.266093969345093
4.095123261213303
3.1536121666431427
3.4365855157375336
2.9238738119602203
4.624421298503876
2.799202613532543
2.9616880416870117
4.888354688882828
3.1676679849624634
4.7168731689453125
4.420540034770966
4.054970443248749
3.9944857358932495
3.629354313015938
3.9744842052459717
3.377135694026947
3.4950677305459976
3.1710100173950195
3.8880468904972076
2.769884280860424
2.7004950307309628
2.7709344774484634
4.179457128047943
3.2950736582279205
2.964302748441696
3.676830306649208
4.594317674636841
3.7702013552188873
3.187576085329056
3.0090751498937607
3.915911912918091
3.6913207918405533
4.664493203163147
2.8799964487552643
3.3366908133029938
3.28266903758049
3.816409111022949
3.4498053789138794
3.57125923037529
4.291910827159882
3.123690038919449
3.5723181068897247
3.974389433860779
2.919916585087776
2.9228942841291428
3.022354245185852
3.4060529619455338
3.0910421907901764
2.96981118619442
3.069392889738083
3.249178007245064
3.757942318916321
4.388612061738968
3.5381993651390076
4.254519939422607
4.188542515039444
4.025727808475494
4.114526957273483
3.51433128118515
4.038401544094086
2.811084222048521
3.902830481529236
2.95439712703228
2.9662318155169487
3.377474993467331
3.490428477525711
4.19356107711792
3.441276252269745
3.750394880771637
2.9426368325948715
3.164837211370468
4.284261465072632
4.452318400144577
3.4716514497995377
4.51279416680336
2.7231475710868835
3.2231520116329193
4.099689722061157
3.7977349758148193
3.0742280930280685
3.7921400368213654
3.3741608262062073
3.713953047990799
3.3595310151576996
3.0722038447856903
3.83399561047554
4.055647403001785
3.0600637942552567
3.6919018626213074
4.184923470020294
4.54618513584137
3.5156098008155823
2.9710201919078827
4.438675940036774
3.1824791431427
3.4559546411037445
3.8492491841316223
3.997955620288849
4.0035393834114075
3.4191885590553284
3.98587703704834
2.851896733045578
3.096628077328205
4.09797266125679
3.5815519094467163
4.341089576482773
2.974844127893448
3.903173506259918
3.4930334985256195
3.559749945998192
3.442801833152771
2.697817198932171
3.6994361877441406
3.8854630291461945
2.7086134627461433
3.1256569921970367
3.7744994461536407
3.183034360408783
4.139978587627411
4.00013655424118
2.4854271369986236
3.3565647900104523
4.398313611745834
3.978688418865204
3.1186480820178986
3.1917960941791534
3.23982834815979
3.739854395389557
2.700703665614128
3.588857129216194
3.8883282244205475
2.6559093687683344
4.552620500326157
3.203994631767273
4.133577048778534
3.7679581344127655
3.2300421595573425
3.043816015124321
4.184499233961105
4.362345337867737
3.0906586721539497
3.447074741125107
2.6728325709700584
2.813473157584667
3.2896843552589417
2.8477153927087784
4.313597232103348
4.349629282951355
2.913765497505665
3.142857775092125
3.30682173371315
3.9882388710975647
3.5797883570194244
3.6246642470359802
4.345874488353729
3.7821510434150696
3.1742915511131287
3.220618888735771
3.1133778765797615
3.3592798560857773
4.193955063819885
4.295192360877991
4.457089602947235
3.4925471991300583
3.952864110469818
3.925713151693344
3.702593818306923
3.9687810838222504
3.5885874181985855
4.318995624780655
4.2406876385211945
4.134519398212433
3.306778073310852
4.019595086574554
3.1987223029136658
4.372371137142181
3.658786490559578
3.5433395206928253
2.9847314208745956
3.2849035412073135
4.2460304498672485
2.7487119287252426
3.893669545650482
2.86117747426033
3.3804914355278015
3.2835835218429565
3.1419819593429565
3.4286345541477203
3.63618440926075
3.3635343611240387
3.174794092774391
3.437644839286804
4.556799829006195
4.645203351974487
2.6921787671744823
2.7482405304908752
3.663262575864792
3.2898999750614166
4.820779860019684
4.326339662075043
3.7994879484176636
3.6457566171884537
3.2917580008506775
3.6100923269987106
3.705325126647949
3.7141506373882294
3.808557093143463
4.216591417789459
4.013734459877014
3.618754595518112
2.8623375296592712
2.8514989465475082
3.6292123049497604
3.814461827278137
4.175533354282379
3.6979950219392776
3.6533838510513306
3.437427282333374
3.363359570503235
3.9149391651153564
2.8719376400113106
2.788744308054447
3.513016998767853
3.259704113006592
3.7037815153598785
4.2661964893341064
2.9384954273700714
3.2659998536109924
3.5747776925563812
3.6031359434127808
3.6584389954805374
2.8107664361596107
2.617948418483138
4.090953022241592
4.076118171215057
3.8264593482017517
3.015548661351204
3.773810565471649
3.3014829456806183
4.098827391862869
4.167217016220093
3.010905273258686
3.6426347494125366
3.155885934829712
4.158304333686829
3.0019675940275192
3.2671229541301727
3.625362515449524
3.8481181859970093
4.508456885814667
3.636437952518463
4.092589616775513
4.46966364979744
3.9453642070293427
3.356083035469055
3.444739878177643
3.7682124972343445
4.851327538490295
3.564499318599701
2.7664749696850777
3.799719214439392
3.6416906118392944
4.164932519197464
4.2391568422317505
3.7858235836029053
3.461197018623352
3.595060557126999
4.303273260593414
3.8854211568832397
3.598191738128662
3.946271389722824
3.108869232237339
3.9649698138237
3.930414319038391
3.721516951918602
4.022675454616547
4.264868795871735
3.8272711634635925
4.7704508900642395
3.427097797393799
3.2821278274059296
3.9808137714862823
4.611151069402695
2.706853710114956
3.964501917362213
2.7452900260686874
3.4260293841362
3.1151318177580833
3.948071300983429
3.9704835414886475
3.1339573860168457
3.0102836340665817
3.2868605852127075
4.351038932800293
4.3463703989982605
2.3377040401101112
2.603427851572633
4.071966111660004
4.242397844791412
3.734136000275612
3.9406660199165344
3.1249644234776497
3.536151647567749
3.3849244564771652
3.3577242493629456
2.882102280855179
4.332827776670456
4.034474492073059
3.495187759399414
4.354657679796219
3.877965211868286
3.272692859172821
3.6718930304050446
3.8077768683433533
4.0101101994514465
3.723853975534439
3.778742551803589
4.548763483762741
4.097374379634857
3.7177685648202896
3.5978882014751434
3.0804117023944855
4.148651957511902
3.4664224088191986
4.14811447262764
3.1303267180919647
2.7454553358256817
3.6491358280181885
4.278250336647034
3.927876651287079
3.33190456032753
2.9895854741334915
2.970830723643303
3.403327912092209
4.628175795078278
4.127243906259537
4.154797792434692
3.0043980479240417
4.242086410522461
4.326595664024353
3.3790282905101776
2.7904055267572403
2.859247550368309
3.1013818830251694
3.5100439190864563
3.371412456035614
3.112517148256302
3.5917869955301285
2.9503024369478226
4.772488176822662
3.9766429364681244
3.8577966392040253
3.727809190750122
3.7209439277648926
2.9675430059432983
3.7588559091091156
3.941405266523361
3.238638937473297
3.629838600754738
3.9900708198547363
3.7368184328079224
4.14544478058815
3.2234130054712296
3.929973691701889
4.404687285423279
3.3138788491487503
3.744872510433197
4.292158782482147
3.9709770679473877
3.105911538004875
3.6680608987808228
4.601093232631683
4.136416018009186
3.6356402933597565
3.266422301530838
2.9098234698176384
3.0615945160388947
3.6831584572792053
3.9601998031139374
3.7612436711788177
3.3488721400499344
3.2237914949655533
3.410024791955948
2.604625839740038
4.2117807269096375
4.092203974723816
3.6408504843711853
3.60761858522892
3.2416141033172607
4.453566372394562
3.1457774341106415
3.1007035076618195
2.904486656188965
3.878731429576874
4.40738782286644
4.566271007061005
3.85281041264534
3.286258727312088
3.713681772351265
4.0789079666137695
3.912222385406494
4.573197364807129
3.6383379250764847
4.0228621661663055
3.966841697692871
3.4784141182899475
2.880690172314644
2.95203797519207
3.9533206820487976
3.4299154579639435
3.7583130598068237
4.107141494750977
3.5806019604206085
3.8561636209487915
4.135179370641708
3.813667893409729
2.865133062005043
3.1503449380397797
2.7183153107762337
2.9001276940107346
3.388955369591713
3.811575770378113
3.5915351659059525
3.5098081827163696
3.6675887554883957
4.2139217257499695
3.952244818210602
2.654792880639434
3.585716262459755
4.31049644947052
3.8889963924884796
2.9878516495227814
3.2806308567523956
3.6505290865898132
3.2920583337545395
3.587508350610733
3.084868937730789
3.00392284989357
3.422999233007431
3.6954765021800995
3.641784191131592
4.021397531032562
3.4571419656276703
3.2069192826747894
4.617210030555725
3.6523161828517914
4.233303070068359
3.2543279230594635
4.479866176843643
3.5028930008411407
3.984268605709076
3.820813000202179
4.263308495283127
3.646305575966835
3.0199281871318817
4.011301398277283
4.360196590423584
4.343677759170532
3.836478441953659
3.9459621906280518
3.424404412508011
3.908669948577881
2.9548075050115585
4.170407950878143
3.029828630387783
3.8814881443977356
3.3425043523311615
4.494277387857437
3.9165154099464417
2.666551135480404
4.009218662977219
3.6517179757356644
4.46300208568573
3.845636397600174
4.321862161159515
2.9384375363588333
3.1677982211112976
3.6373984068632126
3.0400408059358597
4.24673855304718
3.5642775893211365
3.7737053632736206
2.9718567803502083
3.333849608898163
4.3356576561927795
3.0096007511019707
3.736945390701294
3.5880356281995773
3.424130901694298
3.0107497423887253
4.19133186340332
4.425053596496582
3.003694787621498
4.2087529599666595
4.539861381053925
4.310368597507477
4.023827314376831
4.187593162059784
4.198809117078781
4.334027171134949
3.392733260989189
2.8793908283114433
3.154974579811096
3.8373757898807526
3.071943111717701
3.7728093564510345
3.4940050542354584
3.438849449157715
2.8585002571344376
4.028192460536957
3.291056379675865
2.6549865677952766
3.551817834377289
3.341304734349251
3.3872462809085846
3.566589578986168
3.748994544148445
3.3511333912611008
3.0224543064832687
3.078581392765045
3.76302108168602
4.073704481124878
3.954218029975891
2.473478768952191
3.1530726701021194
3.4155187010765076
4.006751775741577
3.9669227600097656
3.983992338180542
2.8015748225152493
3.662991151213646
3.281135931611061
3.550427630543709
3.698868304491043
2.583924438804388
2.952033542096615
3.044305108487606
3.5452800989151
4.438657164573669
3.3206818252801895
4.245040118694305
3.397815227508545
4.459654986858368
2.9073692858219147
4.084469377994537
2.6804931834340096
3.4576645493507385
3.790163993835449
2.7242206409573555
3.1084083765745163
3.970329165458679
3.2334205508232117
3.00761379301548
2.703362815082073
3.937968611717224
3.523319661617279
3.9097821712493896
3.415112644433975
4.273509979248047
3.790969103574753
3.5484668612480164
3.1281770765781403
2.951539307832718
4.196537733078003
3.189227730035782
3.3655110746622086
2.8242459893226624
4.0023985505104065
3.4662719070911407
3.1894517689943314
3.0976491793990135
4.559316039085388
3.1324248015880585
3.7614482641220093
3.2657980173826218
3.7752363085746765
3.2507608830928802
3.657311648130417
3.430434837937355
3.849833756685257
4.138171970844269
3.745672032237053
3.827580064535141
4.029928594827652
4.3221476674079895
3.103395402431488
3.0716485902667046
3.13646599650383
3.7561768293380737
4.243257939815521
3.8641205430030823
3.069593608379364
2.9300634562969208
3.6328838020563126
3.3830370008945465
2.7425962314009666
3.2836298644542694
3.4463931620121
3.137753903865814
2.786923423409462
4.510566890239716
3.7985065579414368
4.302145391702652
4.430672824382782
3.955111503601074
3.993051052093506
3.793428987264633
4.713960140943527
2.9157139360904694
3.7759041786193848
4.019052684307098
3.9459526538848877
3.0079706385731697
3.666991963982582
3.1808947771787643
3.3748359233140945
3.5960283875465393
3.74337375164032
4.433521181344986
4.624618887901306
3.946191817522049
2.8711405023932457
3.7847310304641724
2.5320273777469993
4.79089081287384
3.7285055220127106
3.2521244883537292
2.8851017355918884
4.712801277637482
3.5496705770492554
3.268764391541481
3.4090182185173035
3.90234112739563
3.9482930302619934
2.762716431170702
3.2077114284038544
3.2578231394290924
3.254106789827347
4.627173095941544
3.544468879699707
4.145403057336807
2.704348172992468
3.982103317975998
2.8309019282460213
3.351425677537918
2.574470741674304
3.6398067325353622
3.772207200527191
4.121330827474594
3.155025392770767
4.6955955028533936
2.920686863362789
3.6695322394371033
3.572513312101364
3.7045080959796906
3.801358789205551
