3.4957972168922424
3.552660271525383
3.7841007113456726
3.8451461493968964
4.714200794696808
3.2946886867284775
4.441618025302887
3.7676170468330383
4.791071563959122
3.689744845032692
3.92978698015213
3.7530338764190674
3.6773207783699036
3.655218780040741
3.577423244714737
2.748413383960724
3.372524157166481
4.043789505958557
3.6378194391727448
3.760603368282318
3.967335969209671
3.3071592450141907
3.106786385178566
4.687977582216263
4.719308912754059
3.726716861128807
3.396925777196884
4.175106585025787
2.6998547464609146
3.250112682580948
4.069600403308868
4.162722229957581
4.2170411348342896
3.247447833418846
4.014604389667511
3.577277436852455
3.9275726675987244
2.781873196363449
3.722962439060211
3.1919164955615997
4.000541865825653
3.187399208545685
3.105193078517914
3.365310877561569
3.2837118208408356
2.753503955900669
3.155001401901245
3.560500293970108
4.04937744140625
3.360181152820587
3.355529010295868
3.4530918300151825
3.2789038121700287
3.6739382147789
4.23179030418396
4.293626397848129
3.440590351819992
4.314226657152176
3.9130720496177673
3.2043521106243134
3.0169346183538437
3.9601317048072815
3.041694089770317
4.192032217979431
3.6032043397426605
3.178449720144272
2.881143130362034
3.3758364617824554
3.073090873658657
3.4286703169345856
3.6298617720603943
3.0555763095617294
2.9288919270038605
3.6536774784326553
2.8339359909296036
3.6768780648708344
3.629116714000702
3.3675039559602737
3.210638538002968
3.659050762653351
4.034037292003632
3.360462933778763
2.8559715673327446
4.7399502992630005
4.1636426746845245
4.090214371681213
3.9479586482048035
4.099506139755249
3.825829327106476
3.6392662674188614
2.90917094796896
3.5192233324050903
3.8976946473121643
3.5268035531044006
2.827662341296673
4.820194244384766
3.283437564969063
4.357947558164597
2.71245950832963
2.793779354542494
4.318564534187317
4.533819556236267
3.91991063952446
4.0073561668396
2.9787984490394592
4.000168442726135
4.653862416744232
4.0825217962265015
3.399610072374344
2.824290469288826
3.4915325045585632
4.232618361711502
3.0443811789155006
2.8271693736314774
2.9280921071767807
3.0761341750621796
3.07058684527874
3.2750286161899567
3.7229811400175095
4.502902328968048
4.031471610069275
2.7490090020000935
2.768934480845928
3.6704424768686295
2.83170223236084
3.754577338695526
3.4499847143888474
3.9820602536201477
4.354955852031708
3.334675431251526
2.730720993131399
3.51186141371727
4.291993975639343
3.1657113134860992
4.003790616989136
4.024885594844818
4.393034279346466
3.34298774600029
2.628428637981415
3.6265751719474792
3.794107437133789
3.4645088016986847
3.073752485215664
4.678707122802734
3.59122097492218
4.121910482645035
3.089766763150692
3.0655448511242867
4.588291049003601
3.6326751857995987
4.643114805221558
3.317810744047165
4.568746984004974
3.486928343772888
3.224581629037857
3.1213074922561646
3.2472356408834457
3.115381821990013
3.3744628727436066
3.248155638575554
4.368153661489487
3.5509810596704483
4.550998657941818
4.711509048938751
4.786236137151718
3.0732154846191406
4.012910723686218
3.4923605620861053
2.9360508918762207
3.9463821053504944
3.424815684556961
4.242901057004929
3.509950041770935
3.6853615939617157
4.217741042375565
4.712333381175995
4.015158414840698
3.589596524834633
4.5216768980026245
4.2411790788173676
3.9242275059223175
4.165280312299728
3.365526646375656
4.149836301803589
3.983851373195648
3.5028906166553497
4.038882404565811
3.189508467912674
3.5459095239639282
3.9115574955940247
3.3575698733329773
3.136935830116272
4.141618013381958
2.8489919006824493
3.0962059646844864
3.492453917860985
4.219622015953064
4.141078293323517
2.9351524263620377
3.8932007551193237
4.250291138887405
2.935973070561886
3.6061711609363556
4.355200529098511
3.611624389886856
3.818700462579727
4.904011934995651
2.5732950400561094
4.103210121393204
4.411076903343201
4.032147377729416
3.7488047778606415
3.487626761198044
3.074105530977249
3.0900170654058456
3.9904552698135376
3.254060223698616
4.482517838478088
3.107442334294319
3.8556522130966187
3.7396951019763947
4.762919545173645
3.0452802777290344
3.569279983639717
3.716123476624489
3.4148934483528137
3.4822852164506912
3.23510579764843
3.436853289604187
3.374050408601761
4.057998359203339
2.9104913771152496
3.5740207135677338
3.2073572278022766
3.53664830327034
3.682604059576988
3.5893455147743225
3.1421226263046265
3.2873521000146866
3.570830300450325
3.6030612140893936
3.984861969947815
3.2539398223161697
3.1647638976573944
3.3589859306812286
3.7308720499277115
4.199953973293304
4.342549592256546
3.921840488910675
4.0281081199646
3.1282279640436172
3.772187680006027
3.528122901916504
4.247337877750397
3.799160122871399
4.281443655490875
3.091726265847683
4.036501795053482
4.163286089897156
3.7003494054079056
3.4388694912195206
3.7280675768852234
2.8324992582201958
2.9836455732584
4.105510711669922
3.5163480043411255
3.212154135107994
3.3452770859003067
3.239695057272911
3.8830652832984924
2.8006624430418015
3.424307182431221
4.643247276544571
3.5581843554973602
3.206196203827858
3.4099485725164413
3.7572111189365387
3.9076396822929382
3.8068556785583496
4.824255555868149
3.546580821275711
3.3083929121494293
3.0968473479151726
3.0460506677627563
3.1025249511003494
3.058074526488781
2.8733153641223907
3.205232471227646
3.5377369076013565
3.3592140674591064
3.576083183288574
4.18940544128418
4.137818813323975
3.5211335867643356
3.2273945212364197
2.8799383714795113
3.2855315506458282
3.536906987428665
3.345896378159523
4.123119115829468
3.868318051099777
3.477948158979416
4.261364042758942
3.7842684984207153
3.58234666287899
2.5622688606381416
2.6483757607638836
2.5678500067442656
4.01339590549469
3.7993140518665314
4.164057970046997
3.675319105386734
4.66868594288826
3.0608904361724854
2.6991457864642143
3.1012023985385895
4.353387653827667
4.094046950340271
2.6891724951565266
3.864435702562332
3.689938113093376
3.0092278122901917
2.8798139840364456
4.2591747641563416
2.9181326180696487
4.141382724046707
4.666832834482193
4.175026118755341
3.008699417114258
4.121883660554886
4.172491133213043
4.002586901187897
3.7766416370868683
4.606608003377914
4.244108200073242
3.7637490034103394
2.8011156618595123
2.634250046685338
3.6713141947984695
3.6055749654769897
4.427783340215683
3.477284535765648
3.66892509162426
2.8153211250901222
3.3950383961200714
3.707549348473549
3.9396487176418304
3.890058398246765
3.8676995038986206
4.469029456377029
3.367438018321991
4.07573476433754
4.1318245232105255
3.909604400396347
2.807161584496498
3.8498133420944214
2.7887413650751114
3.386339768767357
2.873542234301567
4.371611177921295
3.8943979144096375
3.3807681500911713
3.1870774924755096
3.0036404356360435
2.6585098542273045
3.446754068136215
2.842319905757904
2.849895879626274
3.830549418926239
3.9172837138175964
3.601013422012329
4.571029990911484
4.053394794464111
3.1154968962073326
3.248535990715027
3.445928916335106
4.326752871274948
3.8550901412963867
3.698076605796814
3.4652888774871826
4.34987872838974
4.328306615352631
4.369499087333679
3.6618223786354065
3.2067860662937164
3.785158097743988
4.341020882129669
3.0996276438236237
2.8769690543413162
3.397359997034073
3.787570893764496
3.740718960762024
4.010157883167267
3.675900399684906
3.8578003644943237
3.829195201396942
4.113094210624695
3.291970193386078
2.9343128949403763
4.439021348953247
3.2262343168258667
3.210369199514389
3.574570193886757
4.314966946840286
3.5549964755773544
3.241664618253708
3.0045416206121445
4.192928075790405
3.7201032042503357
3.5681817680597305
3.6253106594085693
3.202049732208252
3.3419016003608704
3.7437978386878967
4.405291974544525
3.450275808572769
3.5863428562879562
3.2709918916225433
4.30199921131134
3.4798017889261246
3.9957915246486664
3.78628671169281
2.8659161925315857
4.049170911312103
3.835145980119705
3.626766949892044
2.9790273308753967
4.272009432315826
4.166543781757355
2.9079025238752365
4.05945748090744
3.79402294754982
3.921632766723633
3.7087282538414
4.1733768582344055
3.1409943103790283
4.021377712488174
2.8757696598768234
3.5985222458839417
2.9282040894031525
2.4605066096410155
4.940265268087387
3.936537504196167
4.677748531103134
4.513777196407318
3.5362234711647034
3.121872693300247
3.79168763756752
4.392908215522766
3.4533854573965073
3.330533057451248
4.277459979057312
4.367300271987915
3.191589191555977
3.234386295080185
3.1788957118988037
2.653873460367322
3.317539617419243
3.0110235512256622
4.331541508436203
2.9674896597862244
2.871611788868904
3.0623192712664604
2.8831931203603745
4.313553720712662
4.5503561198711395
4.131909012794495
4.022759795188904
3.902776837348938
3.719426617026329
2.809144463390112
4.648179411888123
4.476207494735718
3.7542468309402466
2.8650131076574326
3.603713810443878
4.083787500858307
3.62544521689415
3.471580743789673
3.870726227760315
3.2287512719631195
3.870304524898529
4.267076849937439
3.833879679441452
3.2382476329803467
4.232288599014282
3.5412757843732834
4.251608103513718
4.002460688352585
3.6289990693330765
4.224412143230438
4.178680330514908
3.5647255927324295
4.191715717315674
3.15665140748024
3.572145849466324
2.8007569164037704
4.418182671070099
3.048863671720028
3.752138763666153
3.1666193902492523
4.147213101387024
4.948717355728149
3.16442608833313
2.8914321213960648
3.436151295900345
3.726833611726761
4.395449012517929
2.988572269678116
4.4004349410533905
3.496277779340744
2.4578572157770395
2.657615803182125
3.412853926420212
2.732757143676281
3.3517830073833466
3.671770542860031
3.6157673597335815
3.6441652476787567
4.302742034196854
3.836742490530014
3.831719756126404
3.470943123102188
3.628384843468666
3.7369555979967117
3.4566479921340942
3.2459262758493423
3.3352740108966827
4.574359357357025
2.9775887355208397
4.28617849946022
3.1321697682142258
2.814575582742691
3.497389853000641
3.9036399126052856
2.9130230098962784
4.398347437381744
3.3983081579208374
3.8870246708393097
3.1963352859020233
4.531795084476471
3.3502577245235443
3.9662934839725494
3.3094286918640137
3.7872132658958435
4.117015600204468
3.936280906200409
3.313622325658798
3.8702431321144104
3.510882407426834
3.354904353618622
3.753727227449417
3.7002162635326385
3.130742311477661
3.546450063586235
3.9991936087608337
3.201940581202507
4.35146763920784
3.2064128667116165
4.040196388959885
2.751784734427929
3.2242775708436966
3.153756856918335
2.6861981488764286
3.5435306280851364
2.6296402141451836
3.5869142413139343
3.43183271586895
4.577071666717529
3.7858176231384277
3.932046592235565
3.435124084353447
4.22506719827652
4.286558926105499
3.710998073220253
3.55224147439003
3.979867994785309
3.4959690272808075
4.122037887573242
2.9610320180654526
4.020003080368042
3.3606041967868805
4.021376967430115
2.8143493831157684
3.6989105492830276
3.2589296251535416
4.172030389308929
4.356932640075684
4.018632769584656
3.523939773440361
3.4492257237434387
3.080729804933071
4.078126847743988
3.795144557952881
4.374985843896866
3.9588935673236847
4.565328061580658
3.22029247879982
3.3218758553266525
3.6313557624816895
3.9550410211086273
3.545287102460861
3.1937851011753082
3.7200793623924255
3.949381858110428
3.022976703941822
3.2673710584640503
3.2307296991348267
4.449878036975861
3.7068937718868256
3.2880613207817078
3.408413678407669
4.101841449737549
4.182693064212799
4.928264319896698
2.879190668463707
3.6967412382364273
3.7060145288705826
3.2149512320756912
2.819894440472126
4.716462194919586
4.378802925348282
3.879508674144745
4.620638191699982
3.4008146822452545
3.1899067759513855
4.194414019584656
3.5857154428958893
3.5338984429836273
3.5525889694690704
3.8067062199115753
3.1432707607746124
4.532619118690491
4.595977962017059
3.7082165479660034
2.8519366681575775
3.354337513446808
3.943651169538498
3.501497507095337
3.51391464471817
3.508780747652054
3.1339414417743683
2.7000640891492367
3.41374509036541
3.1754939258098602
4.759805053472519
3.041742853820324
2.657803725451231
3.8001035153865814
3.4759728610515594
2.624088656157255
3.8578245043754578
3.4920252859592438
2.7383197471499443
3.7455257028341293
3.7701143324375153
3.5732725262641907
3.987273871898651
3.2004236429929733
4.0574294328689575
4.00061309337616
4.14134755730629
2.797594331204891
3.4542667120695114
3.342873305082321
2.7511608228087425
3.0170711129903793
2.947048917412758
3.9670783281326294
4.322377145290375
3.9036743342876434
3.771323263645172
4.631586372852325
3.4157420694828033
3.7239015102386475
4.142404496669769
3.6328865587711334
3.662278801202774
4.257096350193024
3.654201030731201
3.5804401338100433
3.77685546875
3.06364007294178
3.558478429913521
4.248650372028351
3.436906635761261
4.030265510082245
4.371398240327835
3.7905779480934143
4.5171919465065
3.684356212615967
3.3399860560894012
3.7803828716278076
2.9541952908039093
2.8919630497694016
3.1748714298009872
4.426792860031128
3.3290618658065796
4.130917638540268
3.501959890127182
2.9800133407115936
3.0285820364952087
2.6700040511786938
3.6624735593795776
3.752511441707611
3.4803591668605804
4.265369474887848
3.6250168830156326
3.3174943923950195
2.7939363941550255
3.45233216881752
3.7485265731811523
3.1876717507839203
3.1396184861660004
4.455806612968445
4.066536873579025
4.44316029548645
3.2483836263418198
3.932628184556961
4.648179411888123
4.06049519777298
4.227937608957291
3.5659658908843994
3.833158165216446
4.3485018610954285
3.8214200735092163
3.3588874340057373
4.2129285633563995
3.5083745419979095
4.539475440979004
3.776819258928299
3.2897450029850006
3.3394474536180496
3.092072829604149
3.3830922842025757
4.197742938995361
3.2875169813632965
2.7721726149320602
3.2651741802692413
3.75358983874321
2.760894000530243
3.1250809133052826
3.5648375749588013
3.371395170688629
3.972509801387787
4.207598716020584
2.7192151360213757
3.135192394256592
3.384009897708893
4.803002178668976
3.75845804810524
3.940122127532959
3.0591845884919167
3.748643845319748
4.948717355728149
3.6057575047016144
3.964250087738037
3.509950041770935
4.260081797838211
3.897538334131241
3.239104151725769
3.1904229521751404
3.8890057802200317
3.7603631615638733
3.500305190682411
3.460269346833229
3.837125599384308
2.8765448927879333
3.197784274816513
4.083709716796875
2.652708161622286
3.1515398621559143
4.682407379150391
3.256490081548691
2.9423025995492935
3.6900827288627625
3.811658024787903
4.208841919898987
2.8630471229553223
4.160521477460861
3.384106010198593
2.912781536579132
3.1050704047083855
3.4176726639270782
4.008075445890427
2.958694063127041
3.1243520230054855
4.188115894794464
3.8762179017066956
4.382892549037933
4.248677045106888
4.110482335090637
4.290715754032135
3.5287633538246155
2.784986160695553
3.6958402395248413
3.5392816364765167
3.295392319560051
3.2258927077054977
3.0292142555117607
3.935256153345108
3.7059196829795837
3.688572570681572
3.920244872570038
4.400897026062012
4.04325395822525
3.609474003314972
2.7831429429352283
3.599410057067871
2.634026575833559
3.930552452802658
4.370815753936768
2.8003855235874653
3.983566462993622
3.4586596488952637
4.359243214130402
3.0957116186618805
3.71650867164135
2.960331030189991
3.0414311587810516
3.282887563109398
2.914574146270752
3.3512232452630997
3.7069696187973022
2.8585022687911987
4.333817809820175
3.8507837057113647
3.5891513526439667
3.1871861964464188
3.661217838525772
2.4039116129279137
2.992141842842102
4.426599144935608
3.2502900809049606
3.424893021583557
3.801833987236023
3.97965669631958
4.618306457996368
3.838508576154709
3.0937563627958298
4.317974746227264
4.601093679666519
2.6029001735150814
4.5309364795684814
3.5943400859832764
3.7553277611732483
3.5588183999061584
2.573863295838237
3.3691832423210144
4.8920804262161255
3.236522823572159
3.068418502807617
4.408682286739349
4.164735674858093
3.288228213787079
4.132561236619949
3.050539754331112
3.180188313126564
3.1999728083610535
3.038826361298561
3.198559880256653
3.512633442878723
4.810080528259277
3.9247900247573853
2.5624429155141115
3.4523266553878784
4.226655066013336
3.44027079641819
3.903553783893585
3.2620325684547424
3.211122155189514
2.7749136462807655
4.331082701683044
3.0663522332906723
3.2366104423999786
3.477950394153595
3.446880131959915
4.338085651397705
4.802968055009842
4.4822050631046295
4.400258660316467
2.889532297849655
3.2792215049266815
4.627255797386169
3.710646331310272
3.5821419954299927
3.5936300456523895
4.720137268304825
3.8587822020053864
3.1522490829229355
3.36623951792717
2.6048468239605427
2.795708943158388
2.884063608944416
3.816010355949402
3.604974150657654
2.9775365814566612
4.192876219749451
4.245076030492783
3.9184166491031647
3.2830241322517395
3.2412616908550262
2.914474382996559
4.664242267608643
2.9887787252664566
3.1927597522735596
4.938708543777466
3.23709674179554
4.705330431461334
4.434146732091904
3.8674920797348022
4.212141633033752
3.951197564601898
4.2149560153484344
3.260512724518776
3.224998265504837
3.032958507537842
3.8422179222106934
3.2763154059648514
2.957533597946167
3.18445548415184
4.5209842920303345
3.4628169238567352
2.9184837639331818
3.4917323291301727
4.512544572353363
4.052534252405167
3.5816845297813416
3.2140712440013885
4.02610182762146
3.659525290131569
4.577071666717529
3.6041050404310226
3.8488101959228516
2.922922670841217
4.031405448913574
3.882209360599518
3.4167522192001343
4.60023045539856
3.340153396129608
3.3698658645153046
3.7265267223119736
2.8285808861255646
3.0000659450888634
3.167465031147003
3.6873914301395416
3.4136006981134415
3.3588874340057373
3.2949648797512054
3.642057254910469
4.121317118406296
4.421048611402512
3.1963244825601578
3.639792501926422
3.723343387246132
4.362607002258301
3.9916247129440308
3.502657637000084
3.980480581521988
3.522861674427986
3.7144960463047028
3.2289380580186844
2.9291104152798653
3.0224179476499557
3.5918358713388443
4.291539788246155
3.454800993204117
3.783039152622223
2.870360389351845
3.4294505417346954
4.5712994039058685
4.585202932357788
3.8847383856773376
4.31911826133728
3.054858520627022
3.2278241962194443
4.215568006038666
3.339943438768387
3.62202912569046
3.7707965075969696
3.0488084256649017
3.46272736787796
3.7612366676330566
3.095967657864094
3.9541183412075043
4.007804691791534
2.850879207253456
3.9713335037231445
4.001925140619278
4.420312941074371
3.712322562932968
2.8018058463931084
4.543322324752808
2.863193117082119
3.1406528502702713
3.8693884015083313
4.316890835762024
4.210304319858551
3.5897046327590942
4.329628944396973
3.155294358730316
3.473104313015938
3.7867791950702667
3.5102546960115433
4.413357228040695
2.9102886468172073
3.8777342438697815
3.1562817096710205
3.758161962032318
3.29404354095459
3.3310140669345856
3.7025390565395355
3.627602756023407
3.059704080224037
3.454725593328476
3.5903488099575043
3.7437140941619873
3.7529122829437256
3.8825534284114838
3.311670422554016
3.1374898552894592
4.137597978115082
4.061584025621414
3.6950886249542236
3.5589656233787537
3.48075732588768
3.7132564187049866
2.948838770389557
3.8862262666225433
3.8270190358161926
2.7912684343755245
4.5778582990169525
3.3422764390707016
4.31452214717865
3.3161095529794693
3.512379825115204
3.114416152238846
4.287247657775879
3.877362906932831
2.933898940682411
3.5223373770713806
3.044891580939293
2.7012065052986145
3.2201197743415833
2.8596579283475876
4.444887340068817
4.1650888323783875
3.3807845413684845
3.1251275539398193
3.109220564365387
3.918331563472748
3.966709077358246
3.1316565722227097
4.617735296487808
3.6130815744400024
3.1973353028297424
3.327523246407509
2.8663475438952446
3.296932429075241
4.418497234582901
4.357947558164597
4.054239243268967
2.9801970720291138
3.538741171360016
3.93625408411026
3.691481277346611
4.086611866950989
3.128986582159996
4.5160797238349915
4.152353852987289
4.118968993425369
2.989339306950569
3.7825907766819
3.181101977825165
4.563455581665039
3.606211021542549
3.5475748777389526
3.1454668939113617
3.0883026123046875
4.698109924793243
2.897290475666523
3.5486414283514023
3.1019577756524086
3.1621651351451874
3.0801135301589966
3.3399326354265213
3.6662349104881287
3.3448004722595215
3.256641924381256
3.140762150287628
3.4838226437568665
4.574980437755585
4.772001802921295
2.882007397711277
3.0998433381319046
3.444090187549591
3.2778728008270264
4.871547669172287
3.7410742044448853
3.6159340292215347
3.405146449804306
3.2646577805280685
3.5753576457500458
3.621147647500038
3.6432290077209473
3.65775465965271
3.8936559855937958
3.8406285643577576
3.611162155866623
2.851458862423897
3.121394105255604
3.920869827270508
3.8707540929317474
4.1433583199977875
3.5055528581142426
3.789512664079666
3.628787472844124
3.17159965634346
4.197288155555725
3.2363390922546387
2.7545836195349693
3.672334849834442
3.031487502157688
3.3449632674455643
4.233727306127548
2.666868604719639
3.299419954419136
3.4220967441797256
4.18326735496521
4.000275582075119
2.904890403151512
2.8262530639767647
3.9431586861610413
4.129333198070526
3.7834762036800385
2.66782782971859
3.9893460273742676
3.6908166855573654
3.802345395088196
3.8429366052150726
3.3692020922899246
3.532360717654228
3.152073100209236
3.837483525276184
2.968507446348667
2.9224105551838875
3.551620990037918
3.492482677102089
4.132454544305801
3.6630181968212128
4.092968851327896
4.673365950584412
3.764069974422455
3.5396018624305725
3.2723817229270935
3.7936946749687195
4.842239022254944
3.5660143196582794
3.1397023797035217
3.988976776599884
3.7811537086963654
3.8330888748168945
4.1972291469573975
3.89522984623909
3.597685694694519
3.590863272547722
4.092622995376587
4.17055070400238
3.6105310171842575
4.288032054901123
3.058944195508957
3.938932418823242
3.6068974435329437
3.6270034313201904
4.0536245703697205
4.116787612438202
3.6503199487924576
4.590693563222885
3.10521874576807
3.478384390473366
3.993787169456482
4.654499888420105
2.701990157365799
3.5724319517612457
3.1702622771263123
3.5297352075576782
3.064081370830536
3.518242835998535
3.9230167865753174
2.8443383052945137
3.282555565237999
3.1793877482414246
4.5594266057014465
4.227246642112732
2.944910004734993
2.929772585630417
3.9841847121715546
4.169384986162186
3.5971132665872574
4.010602384805679
3.1828083097934723
2.984800823032856
3.4584085643291473
3.147679716348648
2.9464414715766907
4.421321749687195
3.9031580090522766
3.5495368391275406
4.354096353054047
3.7493406236171722
3.284893035888672
3.947327733039856
3.630223348736763
3.9792409539222717
3.5366954654455185
3.767085075378418
4.727924168109894
4.079484045505524
4.214310944080353
3.5744842886924744
2.8918762132525444
3.9565062522888184
3.744298443198204
4.055491089820862
3.1701476126909256
2.74477519094944
3.5732199996709824
3.937370330095291
3.939780592918396
3.8443639874458313
3.327137976884842
3.1245242804288864
3.212345987558365
4.762919545173645
4.007191061973572
4.182959049940109
3.331489935517311
3.654528707265854
4.49395090341568
3.1925810128450394
2.835475094616413
3.094773218035698
3.071072995662689
3.475690260529518
3.1883838772773743
2.948169857263565
3.301610052585602
2.8463904187083244
4.655191153287888
4.2723530530929565
3.6714449524879456
3.9256270229816437
3.7153716385364532
2.9223089665174484
3.902495503425598
3.500277027487755
3.5503797233104706
3.5144834220409393
3.9460447430610657
3.844461888074875
4.234572649002075
2.8993380814790726
3.932545483112335
4.532927572727203
2.9010364785790443
3.838609457015991
4.290715754032135
3.510226756334305
2.6702964678406715
3.8647237420082092
4.524291455745697
4.041764140129089
3.1073564291000366
3.4785163402557373
3.347012847661972
3.469853103160858
2.7704584039747715
4.2884716391563416
3.9110367000102997
3.6828361451625824
2.9416002705693245
3.4277375042438507
2.9952963441610336
4.002344012260437
3.7033748626708984
3.157341703772545
3.4408974647521973
2.8382041677832603
3.952346295118332
3.3849026262760162
3.2680319249629974
2.982344813644886
4.137375503778458
4.460618942975998
4.721706956624985
4.021401405334473
3.222459554672241
3.839673101902008
3.6876623332500458
3.757583498954773
4.486088156700134
3.6217252910137177
4.117364883422852
3.855576515197754
3.3113159984350204
3.640100657939911
3.1232281401753426
4.156931042671204
3.693610653281212
3.8457924127578735
4.19579952955246
3.7415333092212677
3.710026890039444
3.9366456866264343
4.1067686676979065
3.035632148385048
3.092927895486355
2.3435247875750065
2.9612205922603607
3.7140698730945587
3.471446931362152
4.053613245487213
3.866090774536133
3.5788315534591675
3.887932300567627
3.3430589735507965
2.8028131276369095
3.4286843985319138
4.4334010779857635
3.675067722797394
2.7844848297536373
2.9540297389030457
3.471812754869461
3.6445293575525284
3.4939025342464447
2.8203800320625305
2.632366744801402
3.05236354470253
3.9837926626205444
3.447308987379074
3.7217994034290314
3.373687118291855
3.2888366281986237
4.494863152503967
4.209302365779877
4.239403009414673
3.7599052488803864
4.526652097702026
3.7138015776872635
3.3426520973443985
3.4662240743637085
4.180975407361984
3.8358154892921448
2.7300193160772324
3.5223962366580963
3.97567555308342
4.465409815311432
3.837445378303528
3.80872905254364
3.754853755235672
4.043307602405548
3.0786368995904922
3.8411739468574524
2.601686669513583
3.6593733727931976
3.333562910556793
4.363901317119598
3.9649611711502075
3.348381519317627
4.09283846616745
3.5723821818828583
4.02350589632988
3.8029056787490845
4.722912609577179
2.980644553899765
3.0682481452822685
3.7266576290130615
3.063509874045849
4.346643388271332
3.631879985332489
3.950335681438446
2.819651812314987
3.8184377551078796
4.5658063888549805
3.62156018614769
3.668351098895073
3.039778918027878
3.9172667264938354
3.055499494075775
4.354051351547241
4.520948082208633
3.3603620529174805
4.279729723930359
4.598288983106613
4.478318691253662
3.5074715316295624
4.03537780046463
4.474279880523682
4.263064861297607
3.41832235455513
3.025226965546608
2.661420665681362
3.2196754962205887
3.316584974527359
3.4592146426439285
3.470167815685272
3.2276740670204163
3.050306960940361
3.8391853868961334
3.2020798325538635
2.8818613290786743
3.5461468249559402
3.2181507349014282
3.128781169652939
3.262183666229248
4.082909375429153
3.0801328644156456
3.20815846323967
3.32491971552372
3.6878767609596252
4.022179841995239
3.445296883583069
3.12919482588768
3.058297224342823
3.162079229950905
3.761937916278839
3.8949526846408844
3.493311107158661
3.3420000970363617
3.8157275319099426
3.3749695122241974
3.5203897953033447
3.7050793319940567
3.0196502804756165
2.7823449671268463
3.0694421753287315
3.547423779964447
3.9350873231887817
3.142842799425125
4.326722025871277
2.9811780899763107
4.788014441728592
3.2345344871282578
3.7325872480869293
2.660193368792534
3.2537442445755005
3.9160606265068054
3.047047108411789
3.302026614546776
3.4903425723314285
3.258371725678444
2.7305271476507187
2.744058221578598
4.303715229034424
3.4919051826000214
4.035369157791138
3.776983767747879
4.480189085006714
3.5941167175769806
3.7818054854869843
3.1551966071128845
3.5730506479740143
3.7705019116401672
2.950984165072441
3.493299037218094
2.889724150300026
3.949814736843109
3.0806032568216324
3.026230111718178
3.151569664478302
4.557223320007324
3.239285722374916
3.9600880444049835
3.206605911254883
3.612421900033951
3.0833226442337036
3.623446375131607
3.5743117332458496
3.5541339963674545
4.291455149650574
3.8542617857456207
3.4991632401943207
3.8718146085739136
4.015378952026367
2.7730493433773518
2.8828686475753784
3.028467744588852
3.6372210085392
3.94652396440506
3.7185823917388916
3.514881283044815
3.2812868803739548
3.835332840681076
3.344167396426201
2.8154638782143593
3.576681613922119
3.6305026710033417
2.94986791908741
3.0819954350590706
4.389922916889191
3.746122196316719
4.2740777134895325
4.127599596977234
3.712158054113388
3.8993223011493683
3.4391027688980103
4.791779965162277
3.3711814135313034
3.6310674995183945
3.657483756542206
3.4543022513389587
2.8625717014074326
3.524276614189148
3.2355847209692
3.158712238073349
3.1608179211616516
3.8856106996536255
4.405444711446762
4.442840218544006
3.675577938556671
3.0949560552835464
3.597024232149124
2.925267443060875
4.787242561578751
3.5524602234363556
3.1442952901124954
2.747143916785717
4.790826737880707
3.605627715587616
3.6191168427467346
3.571150153875351
3.579436242580414
3.691786676645279
2.785121649503708
3.1399638950824738
3.191678002476692
3.731536865234375
4.656078070402145
3.5861176252365112
4.295007288455963
2.7660780400037766
3.8725267350673676
2.9988861083984375
2.979680821299553
2.870291769504547
3.8632753491401672
3.821061849594116
4.321747422218323
2.7735103480517864
4.749059081077576
3.0011294037103653
3.6438363790512085
3.4615015983581543
4.104418307542801
3.914421796798706
