3.8982588052749634
4.672920107841492
3.7468968331813812
3.733794242143631
4.33222234249115
4.058265835046768
3.9669477939605713
4.56518366932869
4.928928464651108
3.9255838096141815
4.490502178668976
4.599400460720062
4.233352392911911
4.615594893693924
3.7953051924705505
3.660263642668724
4.282868057489395
4.0591347217559814
4.7078584134578705
4.700638800859451
4.978692829608917
4.437974691390991
3.930383026599884
4.981109797954559
3.3141957968473434
3.74566949903965
4.973746836185455
4.986261576414108
3.780215084552765
4.793327152729034
3.614908903837204
3.6750835180282593
4.336252361536026
4.220169484615326
3.7476404011249542
4.391190409660339
4.77782666683197
3.9113950729370117
4.049244225025177
2.682817615568638
4.9474674463272095
3.930731564760208
4.109451472759247
3.8836856186389923
4.001083523035049
3.9328812062740326
3.2868824899196625
4.799862205982208
3.869069218635559
3.3601758629083633
3.88559490442276
4.480758607387543
3.806808888912201
3.70097279548645
4.853763282299042
4.923494458198547
2.9963022843003273
4.03191477060318
4.021376222372055
4.6265363693237305
4.04917910695076
4.483525305986404
3.8730040192604065
4.6362510323524475
4.584174305200577
2.378470776602626
4.678055047988892
4.678869843482971
3.642471358180046
4.472614526748657
3.901717960834503
3.805582821369171
4.457952678203583
4.172557145357132
4.8531825840473175
3.9108073711395264
4.476507306098938
2.7348288521170616
4.165996611118317
4.657058566808701
4.851755648851395
4.453179687261581
4.76401299238205
4.7370728850364685
4.836178719997406
3.826335370540619
4.77782666683197
3.683217838406563
3.8730818033218384
4.614885449409485
2.319394499063492
4.652486145496368
4.100301265716553
3.520387038588524
4.290346205234528
3.000226318836212
4.774319529533386
4.248364567756653
4.21425461769104
4.850052446126938
4.5769935846328735
3.1267206370830536
3.9307625591754913
3.8443723320961
4.559590667486191
3.7576420605182648
3.724103942513466
4.473904371261597
4.492116570472717
4.144614338874817
3.8364987075328827
2.927016094326973
4.033263176679611
3.8595226407051086
2.9044388234615326
4.621706306934357
4.685547351837158
4.159466326236725
4.1836366057395935
4.855538010597229
3.405493050813675
3.8881850242614746
4.675104171037674
4.404343664646149
4.227877855300903
2.797884941101074
4.403204917907715
4.7870902717113495
4.861461818218231
3.2175134867429733
4.36325341463089
4.492063224315643
4.345672577619553
4.826569110155106
4.787754416465759
4.487209916114807
4.213257133960724
4.823781996965408
4.715527296066284
3.9681410789489746
3.5461322218179703
4.9612537026405334
4.513567388057709
3.519386202096939
3.6737018823623657
3.780807852745056
4.946193993091583
4.54529196023941
4.926101565361023
4.046646803617477
4.100301265716553
3.791600614786148
4.829665869474411
3.961092531681061
4.808114469051361
4.141489267349243
3.075057528913021
4.729316532611847
4.818788170814514
4.234647154808044
4.6244388818740845
4.48579341173172
2.924389988183975
4.2774698138237
3.869069218635559
4.954077303409576
4.63895320892334
4.842124730348587
3.3968424797058105
3.9769694209098816
3.99586945772171
2.8316138684749603
4.572706520557404
3.8303562998771667
4.894711375236511
4.5288389921188354
2.9163923114538193
2.8946205973625183
4.448011219501495
4.491231739521027
3.7174679338932037
4.691140055656433
2.8390418738126755
4.49607789516449
4.76401299238205
4.957200586795807
4.674814343452454
2.426934423856437
4.616439342498779
3.5863643884658813
3.696185052394867
3.137703314423561
4.731835424900055
4.55917090177536
4.8143839836120605
4.605072885751724
4.416763335466385
4.123678505420685
3.655907064676285
3.4949862957000732
4.58430290222168
4.527385979890823
3.3285973221063614
4.836178719997406
4.779195785522461
4.5081716775894165
4.303185194730759
4.8725296556949615
3.9288121461868286
4.60185170173645
3.908332735300064
2.7905683033168316
4.471253305673599
4.818279445171356
4.957416355609894
2.776342425495386
4.981265366077423
3.3567168563604355
4.040985107421875
4.549644291400909
4.441312402486801
2.265046276152134
4.891775697469711
4.386280179023743
4.078817665576935
4.671155512332916
4.949069917201996
4.346306174993515
4.714080840349197
3.2787829637527466
3.829580247402191
3.8087163865566254
3.7807923555374146
4.857337176799774
4.714940637350082
2.9554762691259384
3.7586410343647003
2.916880063712597
4.0979984402656555
4.750482439994812
3.5212628543376923
4.9827757477760315
3.690718784928322
3.352389335632324
4.50799360871315
4.468385279178619
2.8722188621759415
4.400511085987091
4.496614187955856
4.966104179620743
4.593259245157242
4.3685926496982574
3.097415268421173
4.9308887124061584
2.836988717317581
4.824669659137726
4.448173344135284
4.425335228443146
3.1068527698516846
2.793818861246109
4.817265272140503
4.901819676160812
3.6016707122325897
4.065966606140137
4.047954082489014
2.905615232884884
3.5730286687612534
2.6500841230154037
4.808370023965836
2.7532116509974003
4.934985637664795
4.866958260536194
4.220917820930481
2.8551291301846504
4.532397985458374
4.085176587104797
4.983164072036743
4.5161449909210205
3.9130236208438873
3.452693521976471
4.467054903507233
3.839620351791382
3.884168565273285
3.786289095878601
4.9715739488601685
2.9511718451976776
4.438187927007675
4.464728981256485
3.988354504108429
4.036877453327179
3.6806851625442505
4.314240366220474
3.8836856186389923
4.078817665576935
3.7303663790225983
4.801718592643738
3.7906618416309357
3.8797391951084137
3.186343088746071
3.814011812210083
3.978184312582016
4.709376394748688
4.277734011411667
3.742227554321289
4.983434230089188
4.857964813709259
4.619953781366348
3.858458399772644
2.80542504042387
3.9598289132118225
4.1786254942417145
3.6748620867729187
4.586463421583176
3.9454737305641174
4.902000725269318
4.8533448576927185
2.964640259742737
2.731078937649727
4.923494458198547
3.8122615218162537
2.628283854573965
3.1818705797195435
4.737811386585236
3.865593671798706
4.637641608715057
3.1012794375419617
3.3563075959682465
2.693201284855604
4.144953191280365
3.9645667374134064
4.281361401081085
4.211744070053101
3.936872184276581
4.393475651741028
2.774348631501198
4.374670088291168
3.0992313846945763
4.751517623662949
3.83791983127594
3.6179551482200623
3.7476404011249542
3.683217838406563
3.861515522003174
4.413661509752274
4.926101565361023
4.723272025585175
4.4760167598724365
4.0014514327049255
3.3944084495306015
3.9671750366687775
3.6495690047740936
3.394843488931656
4.9726322293281555
3.874645233154297
2.600297247990966
4.01118129491806
4.507357180118561
3.179182931780815
4.889875501394272
3.7152744829654694
4.978692829608917
4.733351171016693
4.7232431173324585
3.8935327529907227
3.193812444806099
4.754486382007599
4.967067241668701
3.8716530799865723
4.961923360824585
2.8605467081069946
4.592340737581253
4.522085785865784
4.565065950155258
4.144411087036133
2.7072110027074814
3.6936816573143005
4.401536583900452
4.0645632147789
3.5174161195755005
4.8764753341674805
4.91188645362854
4.560336768627167
4.905970245599747
3.81921648979187
3.0768733471632004
4.4024088978767395
4.565391391515732
4.178384393453598
4.657599329948425
3.840188980102539
4.123678505420685
3.9368319511413574
4.120753109455109
3.2522520422935486
4.739913493394852
3.7481769919395447
4.655946046113968
3.423979729413986
4.52026441693306
2.6019402407109737
4.2468637228012085
3.649943023920059
4.579075127840042
4.499216675758362
2.3510441929101944
4.2240482568740845
4.336252361536026
3.813866078853607
4.1786254942417145
4.844949543476105
3.7334179878234863
4.111639559268951
4.824637919664383
3.999331146478653
2.7206211909651756
4.005269408226013
3.4751419723033905
3.7786318361759186
4.093106687068939
4.753933250904083
4.0645632147789
4.551079273223877
4.657223969697952
4.635520875453949
4.925690591335297
4.956250190734863
2.5454811565577984
4.495739042758942
4.71672996878624
4.687159210443497
4.526602029800415
3.6518488824367523
4.07182052731514
4.077302813529968
3.7579265236854553
4.5296308398246765
3.6966056376695633
3.4578361362218857
2.4577707331627607
3.7381530553102493
4.635641276836395
3.579564318060875
3.665557876229286
4.612854719161987
4.648123681545258
2.7511097863316536
3.975306451320648
2.7537852711975574
4.304302334785461
4.91188645362854
4.521172046661377
4.396916627883911
4.940294623374939
3.804975301027298
4.855594635009766
4.453698992729187
3.204997479915619
2.972673587501049
3.5889193415641785
4.939911961555481
4.09058153629303
4.511406570672989
4.552262127399445
3.833865374326706
4.78177472949028
4.4087716937065125
4.142844974994659
4.8112693428993225
4.655439406633377
3.2957595586776733
4.9582310020923615
3.7305884063243866
4.645481109619141
3.015086241066456
4.138326942920685
4.383386820554733
4.076284468173981
4.544984996318817
4.82733428478241
4.098121821880341
3.560437113046646
4.048093259334564
4.056718051433563
4.602847099304199
3.8059043884277344
3.0805111676454544
3.280075043439865
4.1604503989219666
3.9641040563583374
4.661429226398468
3.709268569946289
2.325086873024702
4.866738021373749
4.405246376991272
4.844949543476105
3.7643027305603027
4.7773677110672
3.7846502661705017
3.7930268049240112
4.197603315114975
4.394625425338745
3.8344568014144897
3.2471733540296555
4.804678112268448
3.4978727996349335
4.671578109264374
4.4520798325538635
3.80888432264328
4.313711524009705
4.838424474000931
4.722927212715149
3.040703944861889
4.545616507530212
4.215927720069885
4.518554359674454
2.9730646312236786
4.995974898338318
3.771336078643799
4.8342365026474
4.277734011411667
4.306584000587463
4.748146682977676
4.093187153339386
4.806341826915741
3.804568648338318
4.561818540096283
4.444405287504196
4.771885573863983
4.948751479387283
4.130226969718933
3.654293715953827
3.778206706047058
4.634000808000565
4.8800453543663025
4.1489991545677185
4.505141377449036
4.040241539478302
4.983434230089188
3.7868966162204742
4.881462603807449
4.131946712732315
3.6414748430252075
3.2538753002882004
4.990189969539642
4.7714246809482574
4.809277653694153
2.6299367658793926
3.709443286061287
4.431053400039673
3.7227654457092285
3.6161810159683228
4.2847394943237305
4.547002613544464
4.289697706699371
4.960416406393051
3.0549149960279465
3.8558122515678406
4.528045058250427
2.8758853301405907
4.9676501750946045
3.00342857837677
3.5982871055603027
2.916058450937271
3.8881850242614746
3.4493133425712585
3.623000904917717
3.857070952653885
3.976071923971176
3.2066790759563446
3.729826658964157
3.804568648338318
3.4735912084579468
3.9700351655483246
4.834632873535156
4.473274350166321
3.2916629314422607
4.71471980214119
3.6737018823623657
3.9233779907226562
4.422120749950409
4.927664250135422
3.625519350171089
4.928928464651108
2.79328478500247
4.719351530075073
3.9933274686336517
2.97375425696373
3.839620351791382
3.74566949903965
4.940923750400543
4.2774698138237
4.717333018779755
4.679519534111023
2.97048207372427
4.605422466993332
4.953795671463013
4.496614187955856
4.0977248549461365
4.934646487236023
4.441871494054794
3.028877303004265
4.511406570672989
2.9910270869731903
4.451422095298767
4.577535539865494
3.321159780025482
4.91547018289566
4.691140055656433
3.124336749315262
3.318425416946411
4.342931658029556
4.205139577388763
4.5604389905929565
3.811236619949341
3.734973222017288
4.392005354166031
3.927544802427292
4.566012471914291
4.973022937774658
4.545792639255524
3.1373824924230576
4.755636900663376
4.507926553487778
4.143148362636566
3.6982519924640656
2.8376229107379913
3.976071923971176
2.35027015209198
3.697265386581421
3.623524010181427
3.7786318361759186
4.481771886348724
4.377493113279343
3.061992898583412
4.558054804801941
3.9912615716457367
4.474119395017624
2.976590171456337
3.9489293098449707
4.130062013864517
4.078875929117203
3.7076032906770706
3.058191239833832
3.8849011063575745
4.40067857503891
4.27779495716095
4.597976505756378
4.504912793636322
4.621395170688629
4.820382297039032
3.1221702694892883
3.81807878613472
3.412938266992569
4.731835424900055
3.9633263647556305
4.897381216287613
3.2285086065530777
3.907771557569504
4.649141430854797
2.6427429541945457
3.7004249542951584
4.322077929973602
3.363247439265251
4.640628099441528
2.9087108373641968
4.392005354166031
3.545929789543152
4.493358135223389
4.393165558576584
4.312989264726639
3.159888833761215
3.988354504108429
4.331742376089096
4.584571719169617
3.745065852999687
3.754030764102936
4.12455826997757
4.56419438123703
2.890806272625923
3.34628164768219
4.615594893693924
4.579075127840042
4.453698992729187
3.7239427864551544
4.4310444593429565
4.664548933506012
4.823207855224609
4.719427973031998
4.047954082489014
4.721924662590027
4.866958260536194
3.6424801498651505
2.8207533061504364
4.784164577722549
4.128646105527878
4.413357675075531
3.706952780485153
4.745869338512421
4.925690591335297
3.62406387925148
4.8725296556949615
4.196030497550964
4.012517631053925
3.2020259648561478
4.0506161749362946
4.372938126325607
4.968051612377167
4.71972793340683
4.070585370063782
3.62406387925148
4.957787990570068
3.453463464975357
4.781632721424103
4.5501405000686646
4.951030761003494
3.7881305813789368
4.050265848636627
4.396916627883911
4.504615217447281
3.300088346004486
3.7085580825805664
3.61478790640831
4.523694068193436
4.77725476026535
3.7936727702617645
4.614885449409485
4.716255068778992
3.388468697667122
4.422197639942169
4.885059744119644
3.8358154892921448
4.518067836761475
3.4172868728637695
4.014112800359726
2.831003814935684
4.6168601512908936
4.47936087846756
3.158015012741089
3.7906618416309357
2.4576572235673666
4.753792881965637
3.8957902789115906
4.781645238399506
3.4882815182209015
2.986498512327671
3.077029250562191
2.7272829413414
3.4051741659641266
3.9873236417770386
2.600323725491762
2.7577829733490944
4.93818998336792
3.8801392912864685
4.482065737247467
4.588958919048309
4.834632873535156
2.8234465792775154
4.841257333755493
4.736550003290176
4.856808185577393
2.7936127595603466
4.215734601020813
3.8481582701206207
4.456230103969574
4.547196626663208
3.243521898984909
4.965270161628723
4.471707046031952
3.7936727702617645
4.971229583024979
4.394958466291428
3.61416719853878
2.3630707897245884
4.064381271600723
3.49129855632782
4.941113889217377
4.979473054409027
3.330957815051079
3.7014588713645935
3.931000232696533
4.775110483169556
4.635901004076004
4.101927280426025
4.887830466032028
4.743243753910065
4.884086847305298
4.855538010597229
4.584571719169617
4.754486382007599
3.305690884590149
4.412757754325867
4.1668325662612915
4.966174513101578
3.863658607006073
3.0931364372372627
3.249707370996475
3.548979014158249
4.55054298043251
3.0990303307771683
4.857929199934006
2.90139377117157
3.136739209294319
4.456150233745575
4.9726322293281555
3.3191662281751633
3.6822007596492767
3.544370085000992
3.9644771814346313
4.547196626663208
3.947160542011261
3.707602769136429
4.285597205162048
2.8492631018161774
4.965681284666061
4.712183326482773
4.3016646802425385
4.648123681545258
4.514627158641815
3.929435759782791
4.814760386943817
4.635520875453949
3.225403130054474
3.5990317910909653
3.017555885016918
2.8796162456274033
4.7078584134578705
4.8800453543663025
3.872145712375641
3.2871978729963303
4.2444778978824615
4.031026661396027
4.597508907318115
3.882187306880951
4.480634778738022
3.8384786248207092
3.5024890303611755
4.346035718917847
3.471307083964348
4.4286856055259705
4.85045999288559
4.400775879621506
4.479058682918549
3.6450669914484024
4.696362614631653
3.4960591793060303
4.899979531764984
4.050273895263672
4.431633651256561
4.069300591945648
4.025143384933472
3.1540846824645996
3.6366745829582214
3.5216116160154343
3.1103333085775375
4.231694340705872
4.4087716937065125
4.201340675354004
3.178556188941002
2.8729982674121857
4.862309694290161
4.588958919048309
3.05124431848526
4.260863661766052
4.12455826997757
4.945139288902283
2.4891402199864388
3.277558982372284
2.48847994254902
4.383548200130463
4.3950554728508
3.6843080073595047
3.0105697363615036
3.7848815321922302
4.273880422115326
4.405738413333893
3.7082576751708984
4.1122303903102875
3.06027889251709
4.216597676277161
4.981369525194168
4.306260943412781
3.9783628284931183
2.8637952357530594
3.591098338365555
4.169073551893234
4.884162992238998
2.870095781981945
4.346042722463608
3.6319903284311295
4.837885946035385
4.317322075366974
2.904251143336296
4.584861397743225
4.0963053703308105
4.604862332344055
3.693975880742073
4.460907280445099
3.634255528450012
4.782580137252808
3.5994701087474823
4.784204214811325
3.878788948059082
4.966104179620743
4.893172979354858
3.8811084628105164
4.049338400363922
3.5422538220882416
4.375762045383453
4.298008382320404
3.9304378628730774
2.774992696940899
3.5221070796251297
3.8595226407051086
3.072279952466488
3.8935327529907227
3.858528733253479
3.3621568232774734
3.822592794895172
4.697559028863907
4.361250102519989
4.778607487678528
4.19425368309021
3.6320823431015015
4.817265272140503
2.6859793812036514
4.2890989780426025
4.820318222045898
3.2724928855895996
3.9489293098449707
3.821195960044861
3.09820219874382
4.837885946035385
3.5462774336338043
4.410715103149414
4.60185170173645
4.715527296066284
4.647237658500671
2.9466772079467773
3.859795033931732
3.693561851978302
4.112216085195541
4.643194377422333
3.677920699119568
4.070791453123093
4.0279944241046906
4.587839245796204
4.578490853309631
4.417642652988434
2.8220080584287643
3.6147310584783554
4.047892540693283
4.4383180141448975
3.7399593740701675
3.1535854935646057
4.875236749649048
4.899979531764984
4.981265366077423
4.138177186250687
4.517762660980225
3.9228175580501556
4.130062013864517
4.940294623374939
2.7678377740085125
2.786209788173437
4.5656198263168335
3.757539987564087
3.8261085748672485
4.600592851638794
4.058265835046768
2.576672602444887
4.716255068778992
3.7137706577777863
4.779072701931
3.7805572152137756
2.73554103448987
4.95690643787384
4.854842126369476
4.937976896762848
4.201064109802246
2.957496866583824
3.9132535457611084
2.7571101672947407
4.418577253818512
4.052993953227997
4.748146682977676
4.489136338233948
3.9845995604991913
3.5481059551239014
4.221431016921997
2.9886072874069214
2.790237721055746
3.8255660235881805
4.736550003290176
4.807054102420807
4.27779495716095
3.8099731504917145
4.751908332109451
3.3695102483034134
4.294717907905579
4.4673798978328705
2.9510508477687836
3.8305948674678802
2.8633883222937584
3.690718784928322
3.9386852085590363
3.0254170298576355
2.9584944248199463
3.79642516374588
4.186909198760986
3.9644789695739746
3.6172644793987274
3.144163340330124
4.417466819286346
3.4578458964824677
3.9164547622203827
3.875294029712677
4.795421808958054
4.884162992238998
3.6528129875659943
3.9313526451587677
4.831920564174652
4.91188645362854
3.531828075647354
4.91109624505043
4.619953781366348
4.537775814533234
3.5201822221279144
4.2041559517383575
3.0100658908486366
4.5215462148189545
4.280080497264862
4.828409552574158
2.4474510364234447
4.008425623178482
3.966170847415924
3.696185052394867
3.9694830775260925
4.070585370063782
4.544210433959961
3.623000904917717
3.8496366143226624
3.8245350122451782
4.360947608947754
4.976596087217331
4.3784597516059875
3.6165380477905273
4.6265363693237305
4.517167508602142
3.789988160133362
3.3430009335279465
4.127200692892075
3.61416719853878
3.890499323606491
3.1156358867883682
4.49607789516449
3.611565977334976
3.1820856034755707
2.9406309872865677
4.515503346920013
3.8904911279678345
4.9918049573898315
3.9339111745357513
3.6016707122325897
4.103294014930725
3.7271830439567566
2.4899543868377805
4.897950887680054
4.005269408226013
3.774384707212448
4.747680127620697
4.302907586097717
3.524569272994995
3.7453170120716095
3.156038671731949
3.8654725253582
3.611565977334976
3.7651216983795166
3.8940052688121796
4.361250102519989
3.790992796421051
3.589000105857849
3.208577036857605
4.908701181411743
3.1502708792686462
4.166695773601532
4.036543071269989
4.403204917907715
3.6881358176469803
4.781632721424103
4.257409870624542
3.6575650423765182
3.3272751420736313
3.9895766973495483
2.6038499455899
3.718245178461075
4.545616507530212
3.98983895778656
4.202310740947723
4.739913493394852
3.8830725848674774
3.5387441515922546
3.7231457233428955
3.067416325211525
4.30734246969223
3.935241401195526
4.5288389921188354
3.3621568232774734
3.9576464891433716
4.871852546930313
4.981369525194168
4.069300591945648
4.4383180141448975
4.655946046113968
2.723006047308445
4.718017876148224
3.752192258834839
4.863894432783127
4.51608270406723
4.34143990278244
4.202628135681152
3.9873236417770386
4.010075032711029
4.752535969018936
2.842724695801735
3.412027508020401
3.2937390357255936
2.7370545640587807
4.8342365026474
3.6602550745010376
4.671155512332916
3.281584531068802
3.5812323540449142
3.968910425901413
3.5165444016456604
3.082778826355934
4.801718592643738
3.4024959802627563
3.100821301341057
3.4454917907714844
3.9812305569648743
2.876027002930641
4.5677922666072845
3.356320410966873
4.881462603807449
4.397316873073578
3.600177839398384
3.790992796421051
3.8532504439353943
4.285597205162048
4.995974898338318
3.194383680820465
4.853763282299042
3.337801471352577
4.031026661396027
4.409835040569305
3.8811084628105164
4.507926553487778
4.528045058250427
3.423979729413986
2.5709011126309633
2.77929425239563
3.805582821369171
4.277891367673874
4.625705927610397
3.2560747861862183
3.467070758342743
3.945053815841675
4.422197639942169
3.7479399144649506
3.8124801218509674
2.8983930870890617
3.6331932991743088
4.476507306098938
4.567613005638123
4.7410500049591064
4.691140055656433
4.293794333934784
4.941113889217377
4.517762660980225
4.951030761003494
3.104151599109173
4.354976713657379
3.7856847047805786
3.9945822954177856
3.0287325382232666
4.5747193694114685
4.960416406393051
3.876957446336746
3.3539503067731857
4.294717907905579
4.2199209332466125
4.358755201101303
4.718017876148224
4.470536857843399
2.7883997559547424
3.9496558904647827
4.109745621681213
4.572706520557404
3.751032203435898
3.511582463979721
4.593896865844727
2.936353385448456
3.3243267238140106
4.48542132973671
3.931000232696533
4.4711896777153015
3.3330675959587097
3.9945822954177856
4.979473054409027
4.019488096237183
3.9796844124794006
4.242302626371384
3.144533559679985
3.3700478076934814
4.91547018289566
3.8888972997665405
2.7697298862040043
3.0049028247594833
3.3196083456277847
4.673000872135162
4.518162906169891
4.358891546726227
4.712560921907425
3.2572633028030396
3.198325037956238
3.8245350122451782
3.872145712375641
4.025143384933472
4.365089535713196
4.400511085987091
4.784204214811325
2.92388416826725
3.4386874735355377
2.9912087321281433
4.7714246809482574
4.380847364664078
4.4024088978767395
3.1670168042182922
3.5040758550167084
4.384445399045944
3.0013828352093697
3.886374533176422
2.957029826939106
4.586463421583176
3.3985114097595215
3.80888432264328
4.383386820554733
3.199198991060257
3.2089171558618546
3.1406493484973907
3.5069639980793
2.5592662673443556
4.5081716775894165
3.8849011063575745
3.083733916282654
4.351896345615387
3.628043681383133
2.8380409628152847
2.7962188236415386
4.4711896777153015
4.945139288902283
4.687115550041199
3.363247439265251
4.223642200231552
3.051307760179043
4.057995676994324
4.7410500049591064
4.602683484554291
3.006736598908901
4.21671450138092
3.4535977244377136
