4.953232258558273
4.8023974895477295
4.967734515666962
4.972542822360992
4.9696435034275055
4.914153069257736
4.905422031879425
4.851080626249313
4.9668484926223755
4.993937611579895
4.989650100469589
4.843308329582214
4.910966455936432
4.979345202445984
4.974021762609482
4.986521303653717
4.97926265001297
4.887178838253021
4.93584930896759
4.985728412866592
4.979572892189026
4.941798597574234
4.9411410093307495
4.916307777166367
4.970931708812714
4.972100853919983
4.986832290887833
4.979596436023712
4.95270162820816
4.942077100276947
4.9491846561431885
4.974178075790405
4.903005063533783
4.913378953933716
4.882475882768631
4.994222819805145
4.9581411480903625
4.913809895515442
4.732927978038788
4.937943518161774
4.925965368747711
4.965436607599258
4.97552216053009
4.940928816795349
4.949805438518524
4.951343089342117
4.9919067323207855
4.992606192827225
4.96585488319397
4.87575575709343
4.893893003463745
4.968378841876984
4.966397285461426
4.974643737077713
4.904007017612457
4.9784740805625916
4.972432851791382
4.985891431570053
4.974671304225922
4.967486560344696
4.956985712051392
4.937443733215332
4.975506067276001
4.950888752937317
4.928417205810547
4.956111311912537
4.935395568609238
4.9481698870658875
4.984883069992065
4.974159002304077
4.97778594493866
4.918184876441956
4.990969300270081
4.8400528728961945
4.9121227860450745
4.968830794095993
4.985458254814148
4.917401969432831
4.922809600830078
4.953056573867798
4.965173453092575
4.880651235580444
4.984453171491623
4.990066289901733
4.96034562587738
4.911248683929443
4.929454028606415
4.940774738788605
4.862271845340729
4.872369170188904
4.880158454179764
4.913112670183182
4.882832616567612
4.763648211956024
4.875933825969696
4.992712438106537
4.9617356061935425
4.914189428091049
4.957297444343567
4.910928159952164
4.9102988839149475
4.907682538032532
4.964680224657059
4.972164034843445
4.953244477510452
4.934273809194565
4.951255917549133
4.9731166660785675
4.924709796905518
4.937326610088348
4.881063401699066
4.966149479150772
4.897900819778442
4.935434460639954
4.9862514436244965
5.000000298023224
4.942460060119629
4.938790202140808
4.794525504112244
4.943002760410309
4.966363608837128
4.973823577165604
4.966387450695038
4.955092072486877
4.858161211013794
4.848223775625229
4.980420768260956
4.946819692850113
4.9649883806705475
4.902311563491821
4.942242205142975
4.866860508918762
4.903408586978912
4.880498498678207
4.897543340921402
4.898378551006317
4.913018345832825
4.907425940036774
4.90353137254715
4.911073297262192
4.909163117408752
4.820747375488281
4.901427179574966
4.9177539348602295
4.906292110681534
4.969954490661621
4.931097477674484
4.94643047451973
4.932532757520676
4.986771643161774
4.771962463855743
4.946708381175995
4.865501374006271
4.947001785039902
4.983533024787903
4.8819103837013245
4.86864298582077
4.977622032165527
4.984535872936249
4.972323179244995
4.8782989382743835
4.96436282992363
4.8759110271930695
4.767554700374603
4.948899745941162
4.912766814231873
4.952687621116638
4.985811710357666
4.973589330911636
4.888834059238434
4.905877560377121
4.968759119510651
4.9710893630981445
4.969257414340973
4.89509791135788
4.957616329193115
4.920715093612671
4.876039922237396
4.952952563762665
4.942381829023361
4.848999083042145
4.932098686695099
4.9232566356658936
4.924420118331909
4.9717772006988525
4.945700764656067
4.776378273963928
4.929937720298767
4.792010933160782
4.940683096647263
4.885404706001282
4.9090249836444855
4.959230422973633
4.983625113964081
4.8123979568481445
4.95646059513092
4.893482178449631
4.90384578704834
4.969033598899841
4.872473180294037
4.939943253993988
4.919401258230209
4.921465665102005
4.819594621658325
4.846104383468628
4.983004927635193
4.951779246330261
4.885898232460022
4.922977089881897
4.7787705063819885
4.7618114948272705
4.834170490503311
4.911065697669983
4.936055541038513
4.937704503536224
4.957964718341827
4.875649809837341
4.881650060415268
4.924297332763672
4.828271418809891
4.935937523841858
4.9090346693992615
4.589826464653015
4.82529953122139
4.918202310800552
4.954568296670914
4.972320348024368
4.960545301437378
4.848485291004181
4.980815649032593
4.960030913352966
4.915791600942612
4.756502211093903
4.64696004986763
4.954352974891663
4.964803010225296
4.8443493247032166
4.778506904840469
4.789693653583527
4.80802595615387
4.92570161819458
4.8819902539253235
4.9484983086586
4.831790626049042
4.970836043357849
4.87590104341507
4.859249293804169
4.809143841266632
4.82568234205246
4.947516024112701
4.960015416145325
4.965956956148148
4.760936200618744
4.982120096683502
4.934513568878174
4.779935777187347
4.892506301403046
4.828661382198334
4.734563082456589
4.878780543804169
4.650679230690002
4.973441809415817
4.895035922527313
4.873751699924469
4.920133650302887
4.969653338193893
4.956105649471283
4.934557229280472
4.981145262718201
4.798230528831482
4.87100750207901
4.968196302652359
4.8682259023189545
4.872133135795593
4.933911859989166
4.7798267006874084
4.913810342550278
4.760802388191223
4.846072643995285
4.847981035709381
4.795774221420288
4.773547649383545
4.8675090074539185
4.8239462077617645
4.886921048164368
4.967349469661713
4.84216034412384
4.893378019332886
4.89159494638443
4.78245884180069
4.8438577353954315
4.714231193065643
4.845777451992035
4.8832714557647705
4.917921870946884
4.967525899410248
4.640595316886902
4.889455139636993
4.884227812290192
4.833051860332489
4.692357778549194
4.640495181083679
4.875131696462631
4.903860837221146
4.907199591398239
4.962549805641174
4.673916548490524
4.738606512546539
4.909975528717041
4.865653216838837
4.968857914209366
4.970172047615051
4.832859039306641
4.814427495002747
4.768468290567398
4.898655414581299
4.59749236702919
4.941664636135101
4.601551294326782
4.88587349653244
4.832106977701187
4.815716743469238
4.939173460006714
4.805745929479599
4.903179407119751
4.788614213466644
4.855997264385223
4.87987607717514
4.881994277238846
4.948680996894836
4.940333515405655
4.936850070953369
4.93701308965683
4.842669814825058
4.89178404211998
4.913724362850189
4.942119270563126
4.907215237617493
4.864248335361481
4.926202446222305
4.914954453706741
4.921345412731171
4.865064173936844
4.813072979450226
4.916182160377502
4.837646782398224
4.724438488483429
4.852365255355835
4.77667510509491
4.7418151795864105
4.907956123352051
4.858517348766327
4.954090118408203
4.805941581726074
4.933193475008011
4.89348441362381
4.927927851676941
4.88892525434494
4.833768755197525
4.865377694368362
4.877430647611618
4.866486042737961
4.932829439640045
4.947583228349686
4.5820289850234985
4.768662303686142
4.780235290527344
4.785241931676865
4.900330603122711
4.644835442304611
4.828324615955353
4.776589423418045
4.6065521240234375
4.949460029602051
4.844730794429779
4.832697510719299
4.95768278837204
4.9227845668792725
4.851875007152557
4.691077470779419
4.8271965980529785
4.959676116704941
4.949316680431366
4.903591573238373
4.845648109912872
4.90154504776001
4.629422277212143
4.854111969470978
4.906679391860962
4.88341748714447
4.946485161781311
4.7855693101882935
4.83501598238945
4.987782537937164
4.702422022819519
4.931102842092514
4.906342625617981
4.759182333946228
4.878003895282745
4.916576445102692
4.765773117542267
4.749374687671661
4.7800832986831665
4.952225983142853
4.950555711984634
4.9169886112213135
4.894844591617584
4.463208019733429
4.924662411212921
4.943869113922119
4.942433834075928
4.765946865081787
4.917013049125671
4.766470044851303
4.834333807229996
4.8811569809913635
4.915361404418945
4.7705963253974915
4.856850653886795
4.736833870410919
4.871918857097626
4.720495343208313
4.8102867603302
4.6522292494773865
4.895549565553665
4.770898222923279
4.830273389816284
4.747161716222763
4.924121797084808
4.325813949108124
4.850800335407257
4.854603707790375
4.7897495329380035
4.640364348888397
4.897172749042511
4.661863744258881
4.704504609107971
4.728149473667145
4.742100238800049
4.932430535554886
4.700228571891785
4.926654249429703
4.877845644950867
4.917003512382507
4.902240633964539
4.782743453979492
4.803723394870758
4.8927003145217896
4.9060943722724915
4.595380425453186
4.91334468126297
4.972892999649048
4.753558337688446
4.871164560317993
4.913272708654404
4.938233643770218
4.874122440814972
4.771159589290619
4.811224341392517
4.75897803902626
4.8362793028354645
4.736223518848419
4.7418153285980225
4.379866123199463
4.82926219701767
4.87539142370224
4.786615073680878
4.826117753982544
4.96850848197937
4.881718158721924
4.726637452840805
4.9265798926353455
4.91748720407486
4.932900071144104
4.732113033533096
4.489873945713043
4.887859225273132
4.858552813529968
4.733892381191254
4.678613841533661
4.573466032743454
4.80955570936203
4.97446209192276
4.8400238156318665
4.65179055929184
4.6812282502651215
4.806823134422302
4.86775279045105
4.776690900325775
4.678183943033218
4.846802651882172
4.645583927631378
4.782342165708542
4.685823619365692
4.8129430413246155
4.82580378651619
4.887992590665817
4.820354580879211
4.931768625974655
4.667603522539139
4.491809457540512
4.843179434537888
4.5791831612586975
4.894900470972061
4.59713488817215
4.8515912890434265
4.809354543685913
4.609648734331131
4.511822015047073
4.846705198287964
4.816372096538544
4.94535431265831
4.8046183586120605
4.794206768274307
4.665177762508392
4.891799092292786
4.857906997203827
4.866986125707626
4.73002701997757
4.844664484262466
4.777900278568268
4.516712725162506
4.9602267146110535
4.835522919893265
4.845694303512573
4.618057608604431
4.656173288822174
4.757654517889023
4.772923588752747
4.781058877706528
4.720671474933624
4.850038588047028
4.653203189373016
4.905250668525696
4.497426748275757
4.867613613605499
4.834606945514679
4.876929074525833
4.753371775150299
4.940686523914337
4.733765125274658
4.653983861207962
4.600854814052582
4.41222608089447
4.781918227672577
4.9604010581970215
4.775993376970291
4.7608014941215515
4.80691596865654
4.7772979736328125
4.866712987422943
4.853906184434891
4.940920174121857
4.580027461051941
4.8381975293159485
4.9097320437431335
4.825353175401688
4.708843976259232
4.952676892280579
4.800797700881958
4.823338687419891
4.87140417098999
4.942759275436401
4.909141957759857
4.8362842202186584
4.941216707229614
4.77214902639389
4.740509986877441
4.810170233249664
4.6803683042526245
4.708905071020126
4.62696760892868
4.568164199590683
4.590661376714706
4.852158278226852
4.881725609302521
4.43230926990509
4.904182404279709
4.713440239429474
4.651092886924744
4.836289584636688
4.8252202570438385
4.681568145751953
4.6628740429878235
4.847860932350159
4.759582728147507
4.844273179769516
4.471834599971771
4.813660979270935
4.764131009578705
4.90684449672699
4.744677394628525
4.811205714941025
4.799430221319199
4.573786407709122
4.635275155305862
4.388675093650818
4.483747482299805
4.816412329673767
4.549086689949036
4.59341362118721
4.625682532787323
4.608651399612427
4.641707241535187
4.403554201126099
4.735400080680847
4.832611382007599
4.497678130865097
4.848475009202957
4.8211669921875
4.295766651630402
4.723731875419617
4.661266654729843
4.882286489009857
4.60752546787262
4.747549742460251
4.8286521434783936
4.639891982078552
4.82749879360199
4.6975162625312805
4.561835825443268
4.32814747095108
4.740942716598511
4.857015758752823
4.401756227016449
4.9275559186935425
4.265280514955521
4.604513943195343
4.743890017271042
4.606365859508514
4.957891404628754
4.65768575668335
4.753860682249069
4.6927037835121155
4.4187091290950775
4.851268231868744
4.552696943283081
4.567020982503891
4.7480228543281555
4.780565798282623
4.7552937269210815
4.866976886987686
4.647391736507416
4.7659191489219666
4.79716032743454
4.493402540683746
4.8287333548069
4.926692843437195
4.697661101818085
4.812021553516388
4.698042273521423
4.669402837753296
4.649799019098282
4.829633682966232
4.646937847137451
4.754143059253693
4.343070089817047
4.394306838512421
4.9322134256362915
4.354155957698822
4.824997782707214
4.822721779346466
4.6555763483047485
4.843463599681854
4.514256715774536
4.87801194190979
4.920447766780853
4.706127792596817
4.628485143184662
4.558768570423126
4.531485289335251
4.744735062122345
4.713166207075119
4.825259298086166
4.8057180643081665
4.899680912494659
4.751315414905548
4.846682548522949
4.846855998039246
4.60434764623642
4.691959917545319
4.78673130273819
4.448290914297104
4.744683504104614
4.677055478096008
4.912763684988022
4.67132955789566
4.886100590229034
4.49204295873642
4.6032461524009705
4.651421904563904
4.588719457387924
4.535645246505737
4.912967830896378
4.762402176856995
4.722272455692291
4.676302969455719
4.725738614797592
4.702581763267517
4.5848312973976135
4.4782693684101105
4.740282595157623
4.601044803857803
4.4114649295806885
4.968774914741516
4.461270272731781
4.640984833240509
4.611619412899017
4.59263414144516
4.391372948884964
4.577885270118713
4.745496064424515
4.878290146589279
4.668591469526291
4.699455201625824
4.5489320158958435
4.3200889229774475
4.454663544893265
4.905124306678772
4.72386047244072
4.639813601970673
4.698953777551651
4.893232136964798
4.561840891838074
4.802774786949158
4.864732027053833
4.592888206243515
4.448298215866089
4.736251533031464
4.765454530715942
4.735156297683716
4.906651079654694
4.755308628082275
4.536832273006439
4.678010940551758
4.852111041545868
4.356460869312286
4.762607216835022
4.6451252698898315
4.826391637325287
4.877471625804901
4.680525213479996
4.819933772087097
4.520584046840668
4.864341616630554
4.828334003686905
4.598615765571594
4.577047228813171
4.616474062204361
4.779735952615738
4.798636883497238
4.798631966114044
4.585096389055252
4.343824237585068
4.560220539569855
4.540554583072662
4.7660893201828
4.625450819730759
4.735373854637146
4.741043746471405
4.788683503866196
4.575892984867096
4.5155662298202515
4.84061062335968
4.697525054216385
4.689849019050598
4.472773969173431
4.769173860549927
4.823128134012222
4.409395009279251
4.703204035758972
4.130338579416275
4.605815410614014
4.665881246328354
4.79828953742981
4.453560411930084
4.676236659288406
4.63184118270874
4.737615585327148
4.625812768936157
4.611553847789764
4.380465447902679
4.602800011634827
4.486123621463776
4.627625346183777
4.672916829586029
4.867240488529205
4.325000196695328
4.45469930768013
4.444594085216522
4.672165364027023
4.744841307401657
4.619997292757034
4.584704637527466
4.766497015953064
4.906984865665436
4.798958003520966
4.7806814312934875
4.742265492677689
4.7186461091041565
4.906294941902161
4.957219362258911
4.992581456899643
4.833386838436127
4.839895963668823
4.939167946577072
4.990326911211014
5.0
4.731805920600891
4.929496943950653
4.697750061750412
4.963659346103668
4.969190955162048
4.624824225902557
4.73715603351593
4.927283525466919
4.919542968273163
4.879404604434967
4.98694434762001
4.975553750991821
4.759723395109177
4.869390428066254
4.72462922334671
4.754756689071655
4.954494833946228
4.856956303119659
4.854050725698471
4.642901569604874
4.768516272306442
4.7345393896102905
4.824191927909851
4.888038337230682
4.81700673699379
4.969427734613419
4.815246760845184
4.939257800579071
4.818596541881561
4.835559725761414
4.742476642131805
4.969405233860016
4.903145432472229
4.819517135620117
4.6668267250061035
4.905121624469757
4.7742584347724915
4.76339727640152
4.867089688777924
4.766232520341873
4.784557819366455
4.799424111843109
4.812629520893097
4.963338375091553
4.881185591220856
4.896835535764694
4.794674962759018
4.729121923446655
4.770621061325073
4.9310484528541565
4.964343309402466
4.9476125836372375
4.926120638847351
4.55064132809639
4.703076779842377
4.666066020727158
4.925156235694885
4.822438061237335
4.80267733335495
4.605012983083725
4.697602093219757
4.915337860584259
4.784499406814575
4.902942180633545
4.9897101521492
4.9067942798137665
4.961523860692978
4.934811890125275
4.6613746881484985
4.875010102987289
4.855857491493225
4.765876531600952
4.801878333091736
4.783937931060791
4.806293845176697
4.810874909162521
4.815172702074051
4.480685889720917
4.510062634944916
4.616842865943909
4.935149550437927
4.981677234172821
4.775272905826569
4.694630801677704
4.767064452171326
4.786268174648285
4.833517074584961
4.588069468736649
4.838128238916397
4.905940294265747
4.576506465673447
4.90037202835083
4.959729313850403
4.831015020608902
4.966306090354919
4.854929149150848
4.784944951534271
4.9505166709423065
4.863638877868652
4.8188091814517975
4.846621453762054
4.75072517991066
4.610447883605957
4.75484773516655
4.752928912639618
4.833516031503677
4.853609502315521
4.551870822906494
4.6978560090065
4.937681555747986
4.925229847431183
4.604937434196472
4.727322459220886
4.567281901836395
4.842028915882111
4.821553826332092
4.78704646229744
4.898236393928528
4.764149487018585
4.8511433601379395
4.862604439258575
4.8439788818359375
4.950026869773865
4.964419603347778
4.807638376951218
4.640445709228516
4.764251559972763
4.736469388008118
4.877394735813141
4.8394522070884705
4.673428386449814
4.89726185798645
4.714471101760864
4.5999786257743835
4.715858995914459
4.804517030715942
4.739665240049362
4.867308437824249
4.868777394294739
4.466015696525574
4.655284732580185
4.8786939680576324
4.52655702829361
4.818406105041504
4.767130017280579
4.9109092354774475
4.8506395518779755
4.650514870882034
4.883076548576355
4.769182801246643
4.631025046110153
4.937644600868225
4.832846522331238
4.8730093240737915
4.925761371850967
4.9387027323246
4.950467348098755
4.724014103412628
4.672853648662567
4.686698317527771
4.701513350009918
4.898333251476288
4.692254215478897
4.487729072570801
4.782765805721283
4.707902818918228
4.892058223485947
4.808882176876068
4.96016800403595
4.8251791298389435
4.85921323299408
4.682400822639465
4.701873064041138
4.660166800022125
4.679296016693115
4.805785119533539
4.87962931394577
4.7391751408576965
4.715365767478943
4.653801918029785
4.764499068260193
4.880395829677582
4.534096866846085
4.813472926616669
4.976083934307098
4.568832665681839
4.6471041440963745
4.846034944057465
4.789845794439316
4.616563618183136
4.5088353753089905
4.710082411766052
4.81928676366806
4.762606620788574
4.8862324655056
4.721903502941132
4.680776000022888
4.703483432531357
4.778381288051605
4.6234071254730225
4.858456552028656
4.84172910451889
4.5715248584747314
4.842299520969391
4.855006188154221
4.75452333688736
4.8571813106536865
4.565711617469788
4.750000536441803
4.9069130420684814
4.776317328214645
4.722147583961487
4.768746346235275
4.897009432315826
4.934923201799393
4.639310240745544
4.622514694929123
4.421468079090118
4.653103351593018
4.793978035449982
4.805759936571121
4.837479293346405
4.707018733024597
4.858219921588898
4.721252918243408
4.732309132814407
4.612786173820496
4.89142969250679
4.52730655670166
4.816652834415436
4.623163640499115
4.552428424358368
4.924693703651428
4.717293977737427
4.830463230609894
4.713306427001953
4.836627840995789
4.853161871433258
4.587151259183884
4.563708007335663
4.602203071117401
4.665583670139313
4.722454100847244
4.797074049711227
4.4952258467674255
4.845951795578003
4.725152403116226
4.716591835021973
4.483570456504822
4.836897253990173
4.840988665819168
4.704640805721283
4.915914535522461
4.7909146547317505
4.537347257137299
4.602903425693512
4.929895401000977
4.5961737632751465
4.818034768104553
4.797500371932983
4.45014089345932
4.86100897192955
4.72725510597229
4.502232670783997
4.655508100986481
4.846309423446655
4.630613327026367
4.503989815711975
4.4557978212833405
4.823127090930939
4.7789566218853
4.4772642850875854
4.556145370006561
4.5567819476127625
4.965685307979584
4.963834285736084
4.604213684797287
4.908829927444458
4.736557155847549
4.767483770847321
4.883002489805222
4.631279110908508
4.663053601980209
4.683833122253418
4.737509787082672
4.64990958571434
4.655876159667969
4.85548734664917
4.452755153179169
4.641282260417938
4.604352712631226
4.646659791469574
4.6510666608810425
4.836832731962204
4.652731418609619
4.817430078983307
4.928346574306488
4.592742323875427
4.799039363861084
4.4661058485507965
4.50352817773819
4.6673427522182465
4.601421654224396
4.912984520196915
4.685165882110596
4.33881938457489
4.541570246219635
4.833312034606934
4.796331226825714
4.692190736532211
4.7524164617061615
4.650702029466629
4.66219961643219
4.644937366247177
4.778973162174225
4.485335052013397
4.653466045856476
4.696320593357086
4.537627846002579
4.73286509513855
4.6703290939331055
4.758055955171585
4.765752553939819
4.726608842611313
4.576471000909805
4.537557810544968
4.236999005079269
4.8976510763168335
4.4305747747421265
4.576311707496643
4.675518721342087
4.763094633817673
4.735084176063538
4.864102602005005
4.895353019237518
4.597960114479065
4.7453321516513824
4.6103644371032715
4.5702798664569855
4.850121438503265
4.498034417629242
4.7406454384326935
4.839418530464172
4.567175507545471
4.66605931520462
4.6343837678432465
4.651224911212921
4.814424514770508
4.595464468002319
4.548011869192123
4.704848527908325
4.800609052181244
4.741179943084717
4.604766368865967
4.383694231510162
4.670429825782776
4.674972891807556
4.489820897579193
4.334239065647125
4.504871368408203
4.611086547374725
4.508080929517746
4.297781139612198
4.595094621181488
4.474690854549408
4.619651436805725
4.5467409491539
4.688962996006012
4.597250521183014
4.314492046833038
4.557819664478302
4.216931015253067
4.723277986049652
4.345122426748276
4.627208113670349
4.8459360003471375
4.533344805240631
4.756008982658386
4.885042756795883
4.670155644416809
4.4868965446949005
4.427930116653442
4.723531603813171
4.461891353130341
4.535770118236542
4.6167223155498505
4.6607473492622375
4.512364864349365
4.449000358581543
4.767068922519684
4.649061858654022
4.540194571018219
4.688485413789749
4.7588396072387695
4.824858009815216
4.5160990953445435
4.824040532112122
4.4619399309158325
4.710889756679535
4.627386033535004
4.300766885280609
4.548301696777344
4.651647657155991
4.474844336509705
4.571535587310791
4.692421704530716
4.539295881986618
4.634608030319214
4.847285151481628
4.6214815974235535
4.91636335849762
4.6737754344940186
4.451583623886108
4.790412783622742
4.260562360286713
4.895433187484741
4.712992310523987
4.651617407798767
4.494116455316544
4.51120525598526
4.647194743156433
4.430085271596909
4.5515841245651245
4.339898973703384
4.499246031045914
4.637582004070282
4.586808383464813
4.497841000556946
4.57426518201828
4.539436548948288
4.68330591917038
4.421516954898834
4.6243080496788025
4.3537792563438416
4.619769752025604
4.5962414145469666
4.472711086273193
4.620027393102646
4.616032242774963
4.287722706794739
4.738789498806
4.663837254047394
4.436991363763809
4.618969261646271
4.553810954093933
4.635481536388397
4.782509207725525
4.684277176856995
4.582375586032867
4.651922136545181
4.637216776609421
4.7830235958099365
4.255912899971008
4.6136461198329926
4.581451267004013
4.521379470825195
4.579062312841415
4.599233865737915
4.363453984260559
4.726028591394424
4.312881529331207
4.400847107172012
4.744894653558731
4.730226397514343
4.5544929802417755
4.6295782923698425
4.559066891670227
4.540107846260071
4.598872065544128
4.2576828598976135
4.468328058719635
4.603551924228668
4.731404483318329
4.515558481216431
4.547287821769714
4.66489240527153
4.580158144235611
4.371834695339203
4.470184743404388
4.343222975730896
4.519727528095245
4.792731404304504
4.309995770454407
4.595656991004944
4.401314556598663
4.590822011232376
4.1887615621089935
4.418096244335175
4.677063077688217
4.870608001947403
4.626154601573944
4.1888101398944855
4.3280962109565735
4.673641324043274
4.384307712316513
4.04091864824295
4.295806288719177
4.303731769323349
4.611922800540924
4.406271278858185
4.242089688777924
4.399357587099075
4.404638111591339
4.212166368961334
4.409081935882568
4.597400277853012
4.1568779945373535
4.37764048576355
4.356489181518555
4.400947093963623
4.35826450586319
4.503019154071808
4.530302137136459
4.433778822422028
4.679615646600723
4.5048657059669495
4.274496287107468
4.636837393045425
4.629339575767517
4.520170092582703
4.397769868373871
4.655137658119202
4.606283605098724
4.321499764919281
4.340310990810394
4.499317109584808
4.306215345859528
4.582739472389221
4.572627544403076
4.6394182741642
4.421417713165283
4.46918785572052
4.549984335899353
4.117448329925537
4.35674786567688
4.293535053730011
4.174439311027527
4.284327328205109
4.612220972776413
4.3506839871406555
4.81766477227211
4.39461886882782
4.602789580821991
4.5008328557014465
4.675031304359436
4.668424725532532
4.2680297791957855
4.528794288635254
4.377853870391846
4.391877055168152
4.289456307888031
4.3268851935863495
4.267387092113495
4.433171600103378
4.213865697383881
4.333239197731018
4.336260557174683
4.291324317455292
4.504450261592865
4.374506771564484
4.388987571001053
4.409091025590897
4.564673900604248
4.412665665149689
4.508890360593796
4.425325989723206
4.537998586893082
4.291800558567047
4.424227029085159
4.4159165024757385
4.352584183216095
4.486017823219299
4.536482095718384
4.501878321170807
4.573317468166351
4.231834411621094
4.333785176277161
4.407962262630463
4.223282039165497
4.654070734977722
4.34314951300621
4.4920749962329865
4.4257852435112
4.088540971279144
4.144144058227539
4.562436640262604
4.645290523767471
4.563291668891907
4.31937575340271
4.676252156496048
4.597475677728653
4.520353525876999
4.501722157001495
4.451664984226227
4.227286130189896
4.273329526185989
4.425593912601471
4.429984092712402
4.396005272865295
4.379425644874573
4.326498657464981
4.199453592300415
4.174785017967224
4.471098035573959
4.3827024102211
4.420077949762344
4.30500328540802
4.580815136432648
4.604007452726364
4.506076276302338
4.284016042947769
4.228203445672989
4.317595511674881
4.299178570508957
4.500931799411774
4.2158043384552
4.553054720163345
4.171850681304932
4.444790035486221
4.264715164899826
4.194480925798416
4.614200592041016
4.450984001159668
4.569683074951172
4.294909834861755
4.399198144674301
4.221674203872681
4.400005340576172
4.303339421749115
4.186592549085617
4.372246563434601
4.668269157409668
4.447264671325684
4.519134759902954
4.509373754262924
4.546282589435577
4.165583252906799
4.422286748886108
4.566180109977722
4.663255512714386
4.52118992805481
4.636712968349457
4.53203022480011
4.626287668943405
4.2197078466415405
4.663440436124802
4.129542112350464
4.057590365409851
4.196998775005341
4.378519952297211
4.263142794370651
4.105466306209564
4.434698522090912
4.267075061798096
4.570454359054565
4.304464012384415
4.3313100934028625
4.433396011590958
4.2170050740242
4.379367679357529
4.42447692155838
4.2756591737270355
4.2648181319236755
4.330967366695404
4.756681323051453
4.2630089819431305
4.371069669723511
4.244796186685562
4.304061233997345
4.2870208621025085
4.430055171251297
4.425077587366104
4.418522417545319
4.609806388616562
4.56034243106842
4.337130934000015
4.02231752872467
3.973207324743271
4.646500945091248
4.095401912927628
4.194639027118683
4.220855385065079
4.6633389592170715
4.517985284328461
4.012276530265808
4.536562263965607
4.171294867992401
4.578305631875992
4.5961350202560425
4.0258994698524475
