4.808742702007294
4.638513624668121
4.875105321407318
4.909335970878601
4.732725024223328
4.783504009246826
4.792712032794952
4.846267104148865
4.916055500507355
4.979807734489441
4.7411032021045685
4.4109997153282166
4.882151335477829
4.892440289258957
4.766394644975662
4.904799312353134
4.796731173992157
4.951388388872147
4.846733510494232
4.96601015329361
4.5323145389556885
4.70606654882431
4.854235649108887
4.697951227426529
4.938800483942032
4.968261420726776
4.891903102397919
4.85361784696579
4.933766722679138
4.587353616952896
4.834684431552887
4.915321320295334
4.780420362949371
4.660678952932358
4.568699300289154
4.984938204288483
4.920701235532761
4.757892340421677
4.478125721216202
4.846886247396469
4.767587184906006
4.818644821643829
4.925882965326309
4.904230237007141
4.68276709318161
4.419135600328445
4.885386824607849
4.6083614230155945
4.747953414916992
4.764361530542374
4.938682019710541
4.915404319763184
4.898783564567566
4.900433421134949
4.918990582227707
4.903133362531662
4.898663908243179
4.854159653186798
4.9349382519721985
4.6346962451934814
4.809615910053253
4.752281755208969
4.96408611536026
4.776409268379211
4.094291478395462
4.854950308799744
4.876091778278351
4.917893260717392
4.947698414325714
4.913982152938843
4.645053297281265
4.889366328716278
4.846429228782654
4.886019825935364
4.883529245853424
4.858618378639221
4.954600036144257
4.722168445587158
4.905971586704254
4.97040867805481
4.931657016277313
4.894762486219406
4.946731925010681
4.894582033157349
4.7803740203380585
4.798819273710251
4.906217455863953
4.1480852663517
4.729750007390976
4.8400357365608215
4.9361878633499146
4.801536649465561
4.71466988325119
4.779359400272369
4.8100025951862335
4.98599112033844
4.696408063173294
4.783116728067398
4.523995816707611
4.87092062830925
4.63528499007225
4.856943041086197
4.832784533500671
4.924176633358002
4.6584926545619965
4.823120087385178
4.9031586945056915
4.851546883583069
4.533059448003769
4.766329973936081
4.942467361688614
4.793810844421387
4.57297295331955
4.836303740739822
4.937945455312729
5.000000298023224
4.777683764696121
4.895692467689514
4.334952235221863
4.8692940175533295
4.813022017478943
4.963670372962952
4.892376810312271
4.713170677423477
4.793071299791336
4.667000621557236
4.550066292285919
4.863687455654144
4.82014536857605
4.8899345099925995
4.807555228471756
4.555000960826874
4.874753355979919
4.8461028933525085
4.430396854877472
4.826548993587494
4.474230408668518
4.876308739185333
4.819857478141785
4.841693639755249
4.688410460948944
4.718141257762909
4.804253876209259
4.295647740364075
4.8944903910160065
4.927632808685303
4.925923943519592
4.377528578042984
4.6810829639434814
4.960909783840179
4.4458019733428955
4.661723226308823
4.769506752490997
4.79955330491066
4.933278262615204
4.546409845352173
4.753054827451706
4.772827327251434
4.852173179388046
4.8479026556015015
4.667108803987503
4.7812047600746155
4.807787835597992
4.954578280448914
4.81781542301178
4.822121858596802
4.492287337779999
4.866276234388351
4.919441491365433
4.883287250995636
4.848400503396988
4.861502051353455
4.9407002329826355
4.584629833698273
4.868474900722504
4.6144139766693115
4.911867678165436
4.571332931518555
4.849618524312973
4.9643416702747345
4.701745510101318
4.92765337228775
4.877029061317444
4.390013515949249
4.822421371936798
4.853339195251465
4.715213775634766
4.708898961544037
4.541409015655518
4.762383252382278
4.735136181116104
4.885369837284088
4.659163057804108
4.878634959459305
4.186012297868729
4.953575134277344
4.805925041437149
4.821886867284775
4.759542346000671
4.563077688217163
4.900386184453964
4.793215990066528
4.965722411870956
4.595708101987839
4.434921741485596
4.819354712963104
4.822263270616531
4.637216329574585
4.384884834289551
4.670270681381226
4.620297402143478
4.52238142490387
4.751169681549072
4.621556997299194
4.88513246178627
4.791610985994339
4.660465568304062
4.553122520446777
4.6932390332221985
4.51033741235733
4.847112149000168
4.884887933731079
4.140010476112366
4.325869679450989
4.962473660707474
4.816914945840836
4.871443957090378
4.9674855172634125
4.557662606239319
4.960524141788483
4.914174377918243
4.86631378531456
4.619147777557373
4.796990752220154
4.9000659584999084
4.727357029914856
4.6034833788871765
4.667558073997498
4.900030940771103
4.721877723932266
4.875586032867432
4.94948536157608
4.874397963285446
4.883546084165573
4.9547551572322845
4.156584739685059
4.873204529285431
4.211919158697128
4.571021795272827
4.6334826946258545
4.442519247531891
4.720403403043747
4.742259383201599
4.929666966199875
4.425972998142242
4.698686897754669
4.516426920890808
4.370784908533096
4.317010343074799
4.5173487067222595
4.675075113773346
4.887691140174866
4.704660177230835
4.7701965272426605
4.473042339086533
4.886529743671417
4.588584899902344
4.918423593044281
4.889335632324219
4.556932896375656
4.639006555080414
4.855467230081558
4.511174857616425
4.798423647880554
4.923573434352875
4.334630072116852
4.458493590354919
4.586714953184128
4.596048891544342
4.823206663131714
4.551094174385071
4.704479873180389
4.752261638641357
4.09424215555191
4.719174951314926
4.8982349038124084
4.742034077644348
4.518546909093857
4.7089749574661255
4.467128664255142
4.629924297332764
4.764655977487564
4.281825125217438
4.2134204506874084
4.58995133638382
4.826832562685013
4.23847496509552
4.839877486228943
4.574068337678909
4.415511190891266
4.721644818782806
4.54650804400444
4.7227443754673
4.732441008090973
4.798064827919006
4.617826491594315
4.479676336050034
4.5533764362335205
4.497856497764587
4.693625718355179
4.797877669334412
4.866388738155365
4.438232481479645
4.679595530033112
4.291821718215942
4.766410440206528
4.2131152749061584
4.69338446855545
4.186578840017319
4.629327952861786
4.522805213928223
4.263240545988083
4.700053632259369
4.304562658071518
4.813427031040192
4.259401559829712
4.678075164556503
4.8769137263298035
4.76979672908783
4.878700524568558
4.820895195007324
4.784548431634903
4.840720444917679
4.656299352645874
4.278644919395447
4.6063195168972015
4.96558353304863
4.852088391780853
4.8548829555511475
4.918519109487534
4.811267703771591
4.479509592056274
4.651049077510834
4.579715728759766
4.849298596382141
4.604715555906296
4.744737148284912
4.52574610710144
4.310763776302338
4.495453387498856
4.796522408723831
4.588042348623276
4.833027422428131
4.589500427246094
4.691734313964844
4.839216321706772
4.832465946674347
4.621405452489853
4.535278677940369
4.684320688247681
4.295152723789215
4.429476261138916
4.690507799386978
4.641771465539932
4.0937186777591705
4.654824882745743
4.68255877494812
4.365842491388321
4.831889718770981
4.508529007434845
4.65995728969574
4.274214059114456
4.259065538644791
4.915545582771301
4.715068191289902
4.814401268959045
4.861956238746643
4.730445444583893
4.096158146858215
4.463118016719818
4.6510618925094604
4.670748710632324
4.747885763645172
4.768253117799759
4.666818529367447
4.910827577114105
4.339166730642319
4.741567969322205
4.785926043987274
4.820378124713898
4.917389154434204
4.211682081222534
4.888363778591156
4.969659298658371
4.651537090539932
4.827178120613098
4.881543815135956
4.269971698522568
4.600272327661514
4.7932107746601105
4.183799177408218
3.9053480327129364
4.596704840660095
4.656962156295776
4.834320545196533
4.825889766216278
4.745025932788849
4.6626026928424835
4.516951888799667
4.685501754283905
4.532856643199921
4.673868864774704
4.510668218135834
4.295412600040436
4.268471151590347
4.735190123319626
4.716005027294159
4.315436780452728
4.721231013536453
4.391516745090485
4.639178812503815
4.2648619413375854
4.623151421546936
4.4733454287052155
4.514183402061462
4.638857543468475
4.30304229259491
4.772538989782333
4.809079170227051
4.0523795783519745
4.457802772521973
4.213401973247528
4.6380941569805145
3.920031785964966
4.569209814071655
4.546191096305847
4.187361001968384
4.455340206623077
4.309505522251129
4.641766548156738
4.166586101055145
4.882250279188156
4.300839006900787
4.6060506999492645
4.702264368534088
4.523165225982666
4.592087268829346
4.605649411678314
4.766077250242233
4.291043281555176
4.712607562541962
4.908868670463562
4.435646235942841
4.695360064506531
4.7962720692157745
4.824920445680618
4.67587023973465
4.163379222154617
4.097618609666824
4.62383508682251
4.647393524646759
4.5488861203193665
4.351735413074493
4.113999754190445
4.698094129562378
4.67250257730484
4.412263333797455
4.607894718647003
4.933112859725952
4.91277888417244
4.244381934404373
4.8059819638729095
4.8653364181518555
4.7051094472408295
4.580727070569992
3.470938354730606
4.68954861164093
4.442380219697952
4.288654923439026
4.4590844213962555
4.037826806306839
4.45206880569458
4.913022220134735
4.251864403486252
4.132876098155975
4.297603070735931
4.686589241027832
4.630660712718964
4.374689757823944
3.988337814807892
4.55400675535202
4.531431794166565
4.575650095939636
4.360609352588654
4.487147033214569
4.54286515712738
4.659944474697113
4.639895260334015
4.695295989513397
4.4794222712516785
4.1054050624370575
4.612337350845337
3.6002980172634125
4.733705520629883
4.3421295285224915
4.507233798503876
4.081493467092514
4.259893149137497
3.8779985904693604
4.854923635721207
4.638202339410782
4.817294031381607
4.4731637835502625
4.527952075004578
4.722470939159393
4.722087234258652
4.368675649166107
4.7537389397621155
4.258706569671631
4.64276596903801
4.542286545038223
4.525912404060364
4.69599574804306
4.751512408256531
4.559064954519272
4.553541839122772
4.199363589286804
4.545741379261017
4.65018093585968
4.384976327419281
4.329936355352402
4.4861385226249695
4.379412531852722
4.587090611457825
4.057675153017044
4.883182346820831
4.895122647285461
4.490863084793091
4.365795403718948
4.688319265842438
4.633464217185974
4.271592199802399
4.17613685131073
3.969670534133911
4.480081498622894
4.564851522445679
4.09179225564003
3.615744262933731
4.468614012002945
4.473037123680115
4.648642688989639
4.692154824733734
4.898333549499512
4.178730845451355
4.419789165258408
4.868310242891312
4.747705161571503
4.37899112701416
4.748019278049469
3.976827561855316
4.118243157863617
4.807115793228149
4.770597666501999
4.593243300914764
4.498625248670578
4.795258641242981
4.366413950920105
4.418459534645081
4.695854485034943
4.648381471633911
4.113430827856064
4.581608772277832
4.117831885814667
4.230398386716843
4.638841152191162
4.71241682767868
4.325180351734161
4.690606594085693
4.375097453594208
4.715729653835297
4.508281648159027
4.348293840885162
4.586991369724274
4.225358068943024
4.114476889371872
4.413039982318878
4.683126211166382
4.424619376659393
4.286697953939438
4.618888199329376
4.471641331911087
4.390767812728882
4.578124582767487
4.348085969686508
4.4559939205646515
4.23203244805336
3.799757659435272
4.039307236671448
4.591300934553146
4.133768379688263
4.006176590919495
4.102086126804352
3.9158840477466583
3.969903737306595
4.409502744674683
3.970710337162018
4.4413769245147705
4.340441524982452
4.399951100349426
4.517885595560074
3.9088940620422363
4.335950016975403
3.8108858466148376
4.275183379650116
4.271159768104553
4.156944453716278
4.388062506914139
4.2608267068862915
4.800386428833008
3.862563967704773
4.1051085293293
3.3708836138248444
4.333847761154175
4.761818051338196
4.038108289241791
4.743949770927429
3.6791370809078217
4.624098986387253
4.448636472225189
4.1552236676216125
4.871985018253326
4.129520356655121
4.277573227882385
4.285416454076767
3.875850737094879
4.5529575645923615
4.252384006977081
3.767056316137314
4.298980236053467
4.498515576124191
3.885660767555237
4.723300039768219
4.341729134321213
4.328433573246002
4.7189366817474365
4.542847275733948
4.59211602807045
4.69207301735878
4.293402284383774
4.498835802078247
4.201231002807617
4.756239354610443
4.516042023897171
4.447697997093201
4.222235530614853
4.094652235507965
3.7986305356025696
3.8398751616477966
4.534939527511597
3.9520692825317383
4.501691311597824
4.886304289102554
4.3671295046806335
4.4719816744327545
4.3057310581207275
4.542001932859421
4.742754697799683
4.368209540843964
4.603719115257263
4.172174781560898
4.475470036268234
4.4336771965026855
3.998338282108307
4.521942138671875
4.219257682561874
4.6312515437603
4.376246333122253
4.507209956645966
4.512468874454498
4.188352823257446
3.674866333603859
4.249221086502075
4.443509578704834
4.242348521947861
4.108843803405762
4.407887160778046
4.156358987092972
4.583333730697632
3.9540866017341614
4.137365818023682
3.5670698434114456
4.00246188044548
3.476187139749527
4.802615791559219
4.070832431316376
4.458328187465668
4.106141179800034
4.386101514101028
4.338974505662918
3.8632743060588837
4.148448556661606
4.3450915813446045
4.0680137276649475
4.249712526798248
4.871326982975006
3.454141765832901
4.473488628864288
4.262916147708893
4.543741345405579
3.480760157108307
4.542495310306549
4.518998712301254
4.5478783547878265
3.7151528894901276
4.7211287915706635
3.337457925081253
4.490972012281418
4.231503903865814
4.803074151277542
4.310283064842224
3.5979901254177094
4.449017345905304
4.750351905822754
4.128213077783585
4.584746360778809
4.715323895215988
4.034360647201538
4.110732823610306
3.94046887755394
4.256311655044556
4.289986193180084
4.778526276350021
4.189490079879761
3.561185374855995
4.236475229263306
4.219636917114258
3.6730487644672394
4.483897835016251
4.375397562980652
4.530147314071655
4.641851037740707
4.2826153337955475
4.262247085571289
4.226493686437607
4.274127930402756
4.652102589607239
4.517624378204346
4.150923192501068
4.320672005414963
4.425274878740311
4.061161577701569
4.488036334514618
4.259407818317413
4.191927462816238
3.8341519236564636
3.899526298046112
4.258656203746796
4.215900748968124
4.3739053606987
4.12586972117424
4.3963822722435
4.145629703998566
3.7066037952899933
3.7509633600711823
4.384993612766266
3.96870881319046
3.7994158267974854
4.415506422519684
4.521293938159943
3.5092895478010178
4.351124167442322
2.400579322129488
4.455138295888901
3.7734220921993256
3.876931667327881
3.5358816385269165
4.340842366218567
3.985939472913742
4.28703099489212
3.945382684469223
4.1260141134262085
3.356253057718277
3.889654576778412
3.9754053950309753
4.360752999782562
4.107044190168381
4.642549902200699
3.4373007714748383
4.308493584394455
4.566099941730499
4.535597711801529
3.998429775238037
4.227883517742157
4.191805422306061
4.395903646945953
4.751749783754349
4.883754253387451
4.91367444396019
4.909868687391281
4.853453636169434
4.738114774227142
4.771624803543091
4.953723847866058
4.914504587650299
4.897795617580414
4.884458929300308
4.902772009372711
5.0
4.932821989059448
4.8471954464912415
4.761861264705658
4.802767038345337
4.758324027061462
4.92307186126709
4.497507065534592
4.926788955926895
4.856213927268982
4.794463962316513
4.931527674198151
4.924400895833969
4.907563775777817
4.663117378950119
4.451007694005966
4.932557195425034
4.907374531030655
4.78534460067749
4.969885945320129
4.850257337093353
4.253491461277008
3.8828623294830322
4.962968230247498
4.85988661646843
4.755548536777496
4.871813952922821
4.958154708147049
4.977571815252304
4.602700471878052
4.833143651485443
3.9780116081237793
4.778335690498352
4.775274097919464
4.703046679496765
4.73104864358902
4.825982749462128
3.8759800791740417
4.536169916391373
4.933858960866928
4.9492014944553375
4.961534738540649
4.921478629112244
4.937106072902679
4.697544872760773
4.845711439847946
4.805689454078674
4.549758434295654
4.531332701444626
4.47342187166214
4.8292237520217896
4.952348619699478
4.863655269145966
4.9539148807525635
4.005306363105774
4.148602187633514
4.717907607555389
4.822272062301636
4.9286773800849915
4.9164071679115295
4.80293333530426
4.416125565767288
4.665030092000961
4.211787283420563
4.358761310577393
4.962501525878906
4.769729375839233
4.717633426189423
4.947279542684555
4.591629207134247
4.72113162279129
4.765276461839676
4.904795736074448
4.950908124446869
4.912223219871521
4.895574599504471
4.876774400472641
4.865165650844574
4.845669865608215
4.833356142044067
4.68477725982666
4.957391917705536
4.924888163805008
4.056311547756195
3.4696055948734283
4.229555130004883
4.483041167259216
4.5589905977249146
4.340221285820007
4.821615368127823
4.79308694601059
4.761196672916412
4.934542924165726
4.6288928389549255
4.630132615566254
4.6436479687690735
4.932767152786255
4.718892872333527
4.910442978143692
4.888370931148529
4.826694130897522
4.791032373905182
4.841267317533493
4.6543194353580475
3.8806965947151184
3.665218949317932
4.849907010793686
4.7410279512405396
4.2078836262226105
4.838243275880814
4.914624094963074
4.518345892429352
4.760984182357788
4.854444861412048
3.847082257270813
4.73984956741333
4.158427715301514
4.634382873773575
4.386264681816101
4.6526846289634705
4.635791927576065
4.357729852199554
4.753245562314987
4.901394993066788
4.909615218639374
4.510125815868378
4.802042692899704
4.836967289447784
4.306449890136719
4.363098740577698
4.418128728866577
4.48777437210083
4.103427827358246
3.9963525533676147
4.166799336671829
4.393334239721298
4.258577227592468
4.664544463157654
4.811498075723648
4.910949915647507
4.488489627838135
4.582287967205048
4.151888489723206
4.508572220802307
4.264107048511505
4.453324377536774
4.890598505735397
4.5210519433021545
4.6144527196884155
4.827512204647064
4.72555086016655
3.884885758161545
4.8588696122169495
4.661637544631958
4.906327426433563
4.629260450601578
4.876682013273239
4.872456789016724
4.387773275375366
4.208426773548126
4.74300816655159
3.9980602264404297
4.9422502517700195
4.4858695566654205
4.235954284667969
4.634724259376526
3.6102598905563354
4.960695505142212
4.617113471031189
4.934495985507965
4.419440031051636
4.793071746826172
4.365365952253342
4.538671672344208
4.353819936513901
4.805838614702225
4.588863551616669
4.8074451088905334
3.9870476722717285
4.628746509552002
4.286514967679977
4.510735124349594
4.855310618877411
4.865406155586243
4.695185720920563
4.876288324594498
4.733001291751862
3.5945336520671844
4.714851677417755
4.637850821018219
4.265738278627396
4.138850271701813
4.813634753227234
4.567843079566956
4.512093663215637
4.858759641647339
4.33853879570961
3.997526466846466
4.199904054403305
4.532507658004761
4.578109681606293
4.938768446445465
4.863511025905609
4.228110611438751
4.6850696206092834
4.779077023267746
4.683466553688049
4.693620204925537
4.341996908187866
4.537908881902695
4.780339598655701
4.478701800107956
4.261771738529205
4.752854108810425
4.7079721093177795
4.826430231332779
4.332152009010315
4.624177515506744
3.7676215171813965
4.597283750772476
4.422132521867752
4.717655181884766
4.208526015281677
4.0892161428928375
4.583025425672531
4.6188607811927795
4.215366542339325
4.473879188299179
4.929114878177643
4.037401378154755
3.629252389073372
3.4506340324878693
2.973903566598892
4.576280415058136
3.910107761621475
4.818083047866821
4.03967410326004
4.5597803592681885
4.6054574847221375
4.459283351898193
3.959680199623108
3.9916224777698517
4.2216552793979645
4.432616829872131
4.735611230134964
4.13128986954689
4.237821251153946
4.447019994258881
4.42451536655426
4.090557098388672
4.506578147411346
4.641364812850952
4.309568852186203
4.767522513866425
4.4655075669288635
4.164035469293594
4.4677093625068665
4.642467647790909
4.195551872253418
4.801457524299622
4.636414498090744
4.143060147762299
4.6629562973976135
4.219052493572235
4.471878558397293
4.3762268126010895
4.781252443790436
4.237519353628159
3.677631765604019
3.499891087412834
4.935093075037003
4.1810959577560425
4.472590535879135
3.698776885867119
4.273547828197479
4.778585433959961
4.9334728717803955
4.01407852768898
4.951153993606567
4.421935975551605
4.159908592700958
4.578664004802704
4.335131049156189
3.9225956797599792
4.098457396030426
4.097312688827515
4.253031015396118
4.244555681943893
4.6909090876579285
4.497224539518356
3.700803369283676
4.392840266227722
4.304933845996857
3.857962042093277
4.684668183326721
3.9821141958236694
4.572672992944717
4.768739640712738
4.381720721721649
4.4326817989349365
3.4337542951107025
3.7621405720710754
4.281051158905029
4.014786779880524
4.955288767814636
3.801017701625824
3.6137565970420837
4.3233272433280945
4.138926416635513
4.702806770801544
4.140457212924957
4.332413971424103
4.280517101287842
4.326088726520538
3.852679580450058
4.263014793395996
3.7873658537864685
4.026392996311188
4.674121290445328
4.393798261880875
4.472489207983017
4.21818345785141
4.553578943014145
4.477764368057251
4.105101823806763
3.920104056596756
4.384791254997253
3.9955705404281616
4.871150851249695
3.7322084605693817
4.176182299852371
4.025890231132507
4.348566830158234
4.178856462240219
4.8922257125377655
4.490697234869003
4.692545980215073
4.213946163654327
4.096468091011047
4.029629081487656
4.751009792089462
3.930066227912903
4.363166242837906
4.582553654909134
3.7416691333055496
4.456055164337158
3.7088721990585327
4.507217556238174
4.768201112747192
4.4761741161346436
4.28604319691658
3.9651815593242645
4.099324941635132
4.025530517101288
3.9785248041152954
3.9555422961711884
4.6529898047447205
3.9656460285186768
3.7981633841991425
3.270394951105118
3.9398857951164246
3.731779605150223
4.229021519422531
3.4351205825805664
4.090888500213623
4.611442685127258
4.247927963733673
4.423346668481827
4.472406357526779
3.8078874349594116
3.572375252842903
3.8804712891578674
3.089396320283413
4.4560980796813965
3.696761205792427
4.10277396440506
4.363713562488556
4.237748384475708
4.741916805505753
4.132995009422302
4.601444900035858
3.549635335803032
3.507421463727951
4.609421789646149
3.7120504677295685
4.193869233131409
4.128042757511139
4.615023136138916
3.3236391842365265
4.1879890859127045
4.4704315066337585
4.380870461463928
3.442363440990448
4.163719415664673
4.3988847732543945
4.184785932302475
4.217690527439117
4.365531355142593
4.008155465126038
4.5494890213012695
3.9825457334518433
3.467363715171814
4.1345033049583435
4.413847774267197
3.5959845781326294
4.300655126571655
4.517906606197357
3.716239780187607
4.67121809720993
4.7169941663742065
3.8948988914489746
4.650238454341888
4.36885267496109
3.6637069284915924
4.591988027095795
3.3806024491786957
4.734351933002472
4.532508552074432
4.190399944782257
4.081881046295166
3.904719352722168
4.25711989402771
3.9570409059524536
4.062223732471466
3.539865016937256
3.83891224861145
4.070015698671341
4.257861375808716
4.0556710958480835
3.6388565599918365
3.934834599494934
3.9958930015563965
3.6290376633405685
4.038451164960861
4.067917913198471
4.258535206317902
4.185695499181747
3.853142559528351
4.022384881973267
3.7904393672943115
2.9638348892331123
4.055041968822479
4.437064379453659
3.4155813604593277
3.6321109533309937
3.7091290950775146
4.330470561981201
4.474745988845825
4.379677176475525
4.025361239910126
4.180636405944824
4.264413416385651
4.456241726875305
3.1333228945732117
3.730008602142334
4.47168231010437
3.5868199169635773
4.208796918392181
4.045528024435043
3.274504616856575
3.9851130545139313
3.5519370436668396
3.1406283378601074
4.195583164691925
4.394914507865906
4.064476639032364
4.235679358243942
3.8598917424678802
3.6380407214164734
4.157016575336456
3.1466902792453766
3.7939125299453735
3.789765387773514
4.196728467941284
3.9235197007656097
4.203576743602753
4.746010452508926
4.2138344049453735
3.9669975638389587
4.020429849624634
4.292563199996948
3.8153116405010223
4.707510620355606
3.3983176946640015
4.442403614521027
3.679456412792206
4.324780255556107
2.938465401530266
3.408837616443634
4.1433510184288025
4.663555026054382
4.424710422754288
2.9243312776088715
2.8941701725125313
4.227675944566727
3.7369704246520996
2.437885357066989
3.214985877275467
3.1431572139263153
4.306845664978027
3.264254480600357
3.414241671562195
3.605237677693367
3.5479306429624557
2.97993004322052
3.2473719865083694
3.9077800512313843
2.1896670386195183
3.4215156733989716
3.9723865687847137
3.5837170481681824
3.040368966758251
3.7085753679275513
4.073889851570129
3.370140641927719
4.370473921298981
3.712611272931099
3.117821291089058
3.909774124622345
3.9794400334358215
4.109096527099609
2.953963354229927
4.01703953742981
3.898305594921112
3.7956519424915314
3.4765151143074036
3.283405900001526
3.453213945031166
3.620760291814804
3.9582739770412445
3.807106912136078
3.8463149964809418
3.75718355178833
3.9690133929252625
2.859881967306137
3.3639785647392273
2.99040075391531
2.884496934711933
3.8194015622138977
3.8179196417331696
3.3550454676151276
4.380451142787933
4.170507192611694
4.168453365564346
3.230779469013214
4.246881008148193
3.7947893142700195
3.364083170890808
4.304904937744141
3.6605463922023773
3.22413370013237
2.990719825029373
3.4436150640249252
3.4452204406261444
3.695443645119667
2.962980829179287
3.4772321581840515
3.31355944275856
3.1066107749938965
4.169689267873764
3.3529089391231537
3.3463022857904434
4.305373728275299
3.4270478785037994
3.8791245222091675
4.304735511541367
3.3811154961586
4.064587950706482
3.676016703248024
3.528762012720108
3.4413406252861023
3.988223671913147
3.641579747200012
4.024690091609955
3.8226012885570526
3.8564610481262207
2.6233879197388887
3.4604066610336304
3.317255675792694
3.1886234134435654
4.327488839626312
3.258999288082123
3.989454209804535
3.450520783662796
2.634913455694914
2.917916588485241
3.623216599225998
3.6376923322677612
4.050201773643494
3.514660894870758
4.3339285254478455
3.8807639479637146
3.1970909982919693
4.200696349143982
3.688114508986473
2.8591568768024445
3.0511555075645447
3.882916271686554
3.5832039266824722
3.3746837824583054
3.8349884748458862
2.8519394621253014
3.5657906532287598
3.090720660984516
3.627953752875328
3.4319505095481873
3.6119524389505386
3.5214680433273315
4.059688895940781
3.942170888185501
3.905472159385681
3.1943950057029724
3.116272985935211
2.913832888007164
2.8196706622838974
4.126635193824768
2.8832926973700523
3.5824114084243774
3.0654435604810715
3.3295591920614243
3.5362380743026733
3.1603099405765533
3.790683150291443
3.6684225499629974
3.752061426639557
3.4278906881809235
3.313872367143631
3.2468803226947784
3.6008799076080322
3.5063424706459045
2.9711734503507614
3.312864974141121
4.06597375869751
3.9131471514701843
3.691423162817955
3.5357390344142914
3.5915957391262054
3.0589894205331802
3.708662688732147
3.8809627294540405
3.7468141317367554
3.5924286395311356
3.886570632457733
4.207068979740143
3.4833447635173798
3.0606230348348618
4.180461764335632
2.865867428481579
2.7137918397784233
2.8303516656160355
3.7013179808855057
2.834891192615032
2.778645809739828
3.353349417448044
2.898036725819111
4.118460863828659
3.2352428138256073
3.4893792122602463
3.6540648341178894
3.3502449095249176
3.508893996477127
4.157501757144928
3.0926714837551117
3.4056737273931503
3.085785135626793
4.045858085155487
3.0925606191158295
3.6486268043518066
3.593320846557617
3.023669794201851
3.0847684666514397
3.910680115222931
3.797169178724289
3.490784764289856
3.4683971107006073
4.09777045249939
3.6766284704208374
2.5555478362366557
2.6099631376564503
4.330402612686157
3.099808692932129
2.7055699005723
2.736089490354061
4.253495931625366
4.187265336513519
2.4659060849808156
3.7676124274730682
2.8742240369319916
3.9067308604717255
4.541611224412918
2.554010096937418
